P_nought, P_one, P_two, R_one, R_two, A_one, A_two, S,
156.0     , 0.0       , 0.0       , 0.0       , 0.0       , 0.676     , 0.68141   , 50.648    , 
156.0     , 0.0       , 0.0       , 0.01014   , 0.01371   , 1.31921   , 1.33721   , 49.33036  , 
156.0     , 0.0       , 0.0       , 0.02985   , 0.04069   , 1.93115   , 1.96855   , 48.04545  , 
156.0     , 0.0       , 0.0       , 0.05858   , 0.08053   , 2.51326   , 2.57654   , 46.79168  , 
156.0     , 0.0       , 0.0       , 0.09581   , 0.13283   , 3.0669    , 3.16222   , 45.56755  , 
156.0     , 0.0       , 0.0       , 0.14104   , 0.1972    , 3.5934    , 3.7266    , 44.37163  , 
156.0     , 0.0       , 0.0       , 0.19382   , 0.27328   , 4.09398   , 4.27067   , 43.20255  , 
156.0     , 0.0       , 0.0       , 0.25367   , 0.36073   , 4.56982   , 4.79536   , 42.05901  , 
156.0     , 0.0       , 0.0       , 0.32019   , 0.4592    , 5.02205   , 5.30155   , 40.93976  , 
156.0     , 0.0       , 0.0       , 0.39296   , 0.56837   , 5.45173   , 5.7901    , 39.8436   , 
156.0     , 0.0       , 0.0       , 0.47159   , 0.68795   , 5.85986   , 6.26185   , 38.7694   , 
156.0     , 0.0       , 0.0       , 0.55572   , 0.81763   , 6.24743   , 6.71757   , 37.71608  , 
156.0     , 0.0       , 0.0       , 0.64498   , 0.95714   , 6.61533   , 7.15804   , 36.68259  , 
156.0     , 0.0       , 0.0       , 0.73905   , 1.10621   , 6.96444   , 7.58397   , 35.66795  , 
156.0     , 0.0       , 0.0       , 0.83761   , 1.26459   , 7.29558   , 7.99607   , 34.67121  , 
156.0     , 0.0       , 0.0       , 0.94034   , 1.43204   , 7.60954   , 8.39501   , 33.69147  , 
156.0     , 0.0       , 0.0       , 1.04696   , 1.60831   , 7.90706   , 8.78143   , 32.72786  , 
156.0     , 0.0       , 0.0       , 1.15719   , 1.7932    , 8.18885   , 9.15595   , 31.77958  , 
156.0     , 0.0       , 0.0       , 1.27077   , 1.98648   , 8.45557   , 9.51916   , 30.84582  , 
156.0     , 0.0       , 0.0       , 1.38744   , 2.18797   , 8.70788   , 9.87164   , 29.92584  , 
156.0     , 0.0       , 0.0       , 1.50695   , 2.39746   , 8.94636   , 10.21393  , 29.01892  , 
156.0     , 0.0       , 0.0       , 1.62909   , 2.61477   , 9.1716    , 10.54656  , 28.12438  , 
156.0     , 0.0       , 0.0       , 1.75363   , 2.83973   , 9.38414   , 10.87003  , 27.24157  , 
156.0     , 0.0       , 0.0       , 1.88037   , 3.07217   , 9.5845    , 11.18483  , 26.36985  , 
156.0     , 0.0       , 0.0       , 2.00909   , 3.31194   , 9.77316   , 11.49142  , 25.50864  , 
156.0     , 0.0       , 0.0       , 2.13962   , 3.55889   , 9.9506    , 11.79025  , 24.65737  , 
156.0     , 0.0       , 0.0       , 2.27176   , 3.81286   , 10.11725  , 12.08175  , 23.81548  , 
156.0     , 0.0       , 0.0       , 2.40534   , 4.07374   , 10.27353  , 12.36634  , 22.98247  , 
156.0     , 0.0       , 0.0       , 2.5402    , 4.34139   , 10.41984  , 12.64441  , 22.15783  , 
156.0     , 0.0       , 0.0       , 2.67618   , 4.61569   , 10.55655  , 12.91635  , 21.3411   , 
156.0     , 0.0       , 0.0       , 2.81312   , 4.89652   , 10.68402  , 13.18251  , 20.53181  , 
156.0     , 0.0       , 0.0       , 2.95087   , 5.18378   , 10.80258  , 13.44326  , 19.72954  , 
156.0     , 0.0       , 0.0       , 3.08931   , 5.47736   , 10.91255  , 13.69893  , 18.93387  , 
156.0     , 0.0       , 0.0       , 3.22828   , 5.77716   , 11.01423  , 13.94985  , 18.14441  , 
156.0     , 0.0       , 0.0       , 3.36767   , 6.0831    , 11.10792  , 14.19634  , 17.36078  , 
156.0     , 0.0       , 0.0       , 3.50734   , 6.39509   , 11.19387  , 14.43869  , 16.58262  , 
156.0     , 0.0       , 0.0       , 3.64719   , 6.71304   , 11.27234  , 14.6772   , 15.80959  , 
156.0     , 0.0       , 0.0       , 3.7871    , 7.03688   , 11.34357  , 14.91215  , 15.04135  , 
156.0     , 0.0       , 0.0       , 3.92696   , 7.36654   , 11.4078   , 15.1438   , 14.27759  , 
156.0     , 0.0       , 0.0       , 4.06666   , 7.70195   , 11.46523  , 15.37242  , 13.518    , 
156.0     , 0.0       , 0.0       , 4.2061    , 8.04304   , 11.51606  , 15.59825  , 12.76231  , 
156.0     , 0.0       , 0.0       , 4.3452    , 8.38977   , 11.56049  , 15.82154  , 12.01024  , 
156.0     , 0.0       , 0.0       , 4.48384   , 8.74207   , 11.5987   , 16.04252  , 11.26152  , 
156.0     , 0.0       , 0.0       , 4.62195   , 9.0999    , 11.63086  , 16.26142  , 10.5159   , 
156.0     , 0.0       , 0.0       , 4.75944   , 9.4632    , 11.65712  , 16.47844  , 9.77314   , 
156.0     , 0.0       , 0.0       , 4.89622   , 9.83194   , 11.67763  , 16.69379  , 9.03301   , 
156.0     , 0.0       , 0.0       , 5.03222   , 10.20607  , 11.69254  , 16.57089  , 8.63209   , 
154.9896  , 0.0       , 1.0104    , 5.16735   , 10.57883  , 11.70635  , 16.44534  , 8.23713   , 
153.94229 , 0.0       , 2.05771   , 5.3016    , 10.95015  , 11.71914  , 16.31727  , 7.84801   , 
152.85823 , 0.0       , 3.14177   , 5.43498   , 11.31997  , 11.73097  , 16.18679  , 7.46461   , 
151.73755 , 0.0       , 4.26245   , 5.56746   , 11.68825  , 11.74193  , 16.05403  , 7.0868    , 
150.58042 , 0.0       , 5.41958   , 5.69905   , 12.05492  , 11.75206  , 15.9191   , 6.71448   , 
149.38698 , 0.0       , 6.61302   , 5.82974   , 12.41994  , 11.76143  , 15.7821   , 6.34752   , 
148.1574  , 0.0       , 7.8426    , 5.95952   , 12.78326  , 11.7701   , 15.64313  , 5.98582   , 
146.89186 , 0.0       , 9.10814   , 6.0884    , 13.14483  , 11.77812  , 15.50231  , 5.62927   , 
145.59052 , 0.0       , 10.40948  , 6.21636   , 13.50461  , 11.78555  , 15.35973  , 5.27777   , 
144.25357 , 0.0       , 11.74643  , 6.34341   , 13.86255  , 11.79242  , 15.21548  , 4.93122   , 
142.88117 , 0.0       , 13.11883  , 6.46955   , 14.21862  , 11.7988   , 15.06967  , 4.58951   , 
141.47353 , 0.0       , 14.52647  , 6.59478   , 14.57277  , 11.80472  , 14.92238  , 4.25255   , 
140.03083 , 0.0       , 15.96917  , 6.71909   , 14.92497  , 11.81022  , 14.7737   , 3.92026   , 
138.55326 , 0.0       , 17.44674  , 6.84249   , 15.27518  , 11.81535  , 14.62371  , 3.59253   , 
137.04101 , 0.0       , 18.95899  , 6.96498   , 15.62338  , 11.82015  , 14.4725   , 3.26928   , 
135.4943  , 0.0       , 20.5057   , 7.08656   , 15.96952  , 11.82464  , 14.32015  , 2.95042   , 
133.91332 , 0.0       , 22.08668  , 7.20724   , 16.31358  , 11.82887  , 14.16673  , 2.63587   , 
132.29827 , 0.0       , 23.70173  , 7.32702   , 16.65553  , 11.83286  , 14.01232  , 2.32555   , 
130.64937 , 0.0       , 25.35063  , 7.44589   , 16.99534  , 11.83665  , 13.857    , 2.01937   , 
128.96683 , 0.0       , 27.03317  , 7.56388   , 17.33299  , 11.84027  , 13.70084  , 1.71726   , 
127.25087 , 0.0       , 28.74913  , 7.68097   , 17.66846  , 11.84374  , 13.54389  , 1.41914   , 
125.50169 , 0.0       , 30.49831  , 7.79718   , 18.00171  , 11.84709  , 13.38624  , 1.12493   , 
123.71952 , 0.0       , 32.28048  , 7.91251   , 18.33274  , 11.85034  , 13.22794  , 0.83457   , 
121.90458 , 0.0       , 34.09542  , 8.02696   , 18.66151  , 11.85352  , 13.06906  , 0.54798   , 
120.05709 , 0.0       , 35.94291  , 8.14055   , 18.98802  , 11.85665  , 12.90966  , 0.2651    , 
118.17728 , 0.0       , 37.82272  , 8.25327   , 19.31224  , 11.85976  , 12.74979  , -0.01415  , 
116.26536 , 0.0       , 39.73464  , 8.36514   , 19.63416  , 11.5868   , 12.5873   , -0.01379  , 
114.32158 , 0.0       , 41.67842  , 8.47203   , 19.95368  , 11.32012  , 12.42594  , -0.01343  , 
112.34617 , 0.0       , 43.65383  , 8.57405   , 20.27079  , 11.05958  , 12.26572  , -0.01308  , 
110.33936 , 0.0       , 45.66064  , 8.67135   , 20.58547  , 10.80504  , 12.10668  , -0.01274  , 
108.3014  , 0.0       , 47.6986   , 8.76406   , 20.89772  , 10.55636  , 11.94883  , -0.01241  , 
106.23252 , 0.0       , 49.76748  , 8.85229   , 21.20752  , 10.3134   , 11.7922   , -0.01209  , 
104.13298 , 0.0       , 51.86702  , 8.93617   , 21.51485  , 10.07604  , 11.63681  , -0.01177  , 
102.00301 , 0.0       , 53.99699  , 9.01582   , 21.81971  , 9.84414   , 11.48267  , -0.01146  , 
99.84286  , 0.0       , 56.15714  , 9.09136   , 22.1221   , 9.61757   , 11.32981  , -0.01117  , 
97.65277  , 0.0       , 58.34723  , 9.16289   , 22.422    , 9.39622   , 11.17824  , -0.01088  , 
95.43299  , 0.0       , 60.56701  , 9.23053   , 22.7194   , 9.17997   , 11.02797  , -0.01059  , 
93.18377  , 0.0       , 62.81623  , 9.29439   , 23.01432  , 8.96869   , 10.87902  , -0.01032  , 
90.90535  , 0.0       , 65.09465  , 9.35456   , 23.30674  , 8.76228   , 10.73141  , -0.01005  , 
88.59799  , 0.0       , 67.40201  , 9.41116   , 23.59665  , 8.56062   , 10.58513  , -0.00979  , 
86.26192  , 0.0       , 69.73808  , 9.46428   , 23.88407  , 8.36359   , 10.44021  , -0.00953  , 
83.8974   , 0.0       , 72.1026   , 9.51402   , 24.16899  , 8.17111   , 10.29665  , -0.00929  , 
81.50467  , 0.0       , 74.49533  , 9.56047   , 24.4514   , 7.98305   , 10.15446  , -0.00904  , 
79.08398  , 0.0       , 76.91602  , 9.60374   , 24.73132  , 7.79932   , 10.01365  , -0.00881  , 
76.63558  , 0.0       , 79.36442  , 9.6439    , 25.00875  , 7.61982   , 9.87422   , -0.00858  , 
74.15971  , 0.0       , 81.84029  , 9.68104   , 25.28368  , 7.44446   , 9.73618   , -0.00836  , 
71.65663  , 0.0       , 84.34337  , 9.71526   , 25.55613  , 7.27313   , 9.59953   , -0.00814  , 
69.12657  , 0.0       , 86.87343  , 9.74664   , 25.82609  , 7.10574   , 9.46428   , -0.00793  , 
66.56979  , 0.0       , 89.43021  , 9.77525   , 26.09358  , 6.9422    , 9.33043   , -0.00772  , 
63.98652  , 0.0       , 92.01348  , 9.80118   , 26.3586   , 6.78243   , 9.19798   , -0.00752  , 
61.37702  , 0.0       , 94.62298  , 9.82451   , 26.62115  , 6.62634   , 9.06694   , -0.00733  , 
58.74153  , 0.0       , 97.25847  , 9.84531   , 26.88125  , 6.47384   , 8.93729   , -0.00714  , 
56.08028  , 0.0       , 99.91972  , 9.86365   , 27.13891  , 6.32485   , 8.80905   , -0.00695  , 
53.39353  , 0.0       , 102.60647 , 9.87961   , 27.39413  , 6.17928   , 8.68222   , -0.00677  , 
50.68151  , 0.0       , 105.31849 , 9.89327   , 27.64692  , 6.03707   , 8.55678   , -0.00659  , 
47.94447  , 0.0       , 108.05553 , 9.90468   , 27.89729  , 5.89813   , 8.43274   , -0.00642  , 
45.18264  , 0.0       , 110.81736 , 9.91391   , 28.14525  , 5.76239   , 8.31011   , -0.00625  , 
42.39626  , 0.0       , 113.60374 , 9.92104   , 28.39083  , 5.62978   , 8.18886   , -0.00609  , 
39.58557  , 0.0       , 116.41443 , 9.92611   , 28.63401  , 5.50021   , 8.06901   , -0.00593  , 
36.7508   , 0.0       , 119.2492  , 9.92921   , 28.87483  , 5.37363   , 7.95054   , -0.00578  , 
33.89219  , 0.0       , 122.10781 , 9.93038   , 29.11328  , 5.24996   , 7.83345   , -0.00563  , 
31.00998  , 0.0       , 124.99002 , 9.92969   , 29.34939  , 5.12914   , 7.71774   , -0.00548  , 
28.10439  , 0.0       , 127.89561 , 9.92719   , 29.58316  , 5.0111    , 7.6034    , -0.00534  , 
25.17565  , 0.0       , 130.82435 , 9.92293   , 29.81461  , 4.89577   , 7.49043   , -0.0052   , 
22.22401  , 0.0       , 133.77599 , 9.91699   , 30.04375  , 4.7831    , 7.37882   , -0.00507  , 
19.24968  , 0.0       , 136.75032 , 9.9094    , 30.27061  , 4.67303   , 7.26856   , -0.00493  , 
16.25289  , 0.0       , 139.74711 , 9.90022   , 30.49518  , 4.56548   , 7.15965   , -0.00481  , 
13.23386  , 0.0       , 142.76614 , 9.8895    , 30.71749  , 4.46041   , 7.05208   , -0.00468  , 
10.19283  , 0.0       , 145.80717 , 9.87729   , 30.93755  , 4.35776   , 6.94584   , -0.00456  , 
7.13002   , 0.0       , 148.86998 , 9.86364   , 31.15537  , 4.25748   , 6.84092   , -0.00444  , 
4.04563   , 0.0       , 151.95437 , 9.84859   , 31.37098  , 4.1595    , 6.73732   , -0.00433  , 
0.93991   , 0.0       , 155.06009 , 9.83219   , 31.58438  , 4.06377   , 6.63503   , -0.00421  , 
-2.18695  , 0.0       , 158.18695 , 9.81449   , 31.7956   , 3.97025   , 6.53404   , -0.0041   , 
-2.18695  , 0.0       , 158.18695 , 9.79553   , 32.00465  , 3.87888   , 6.43433   , -0.004    , 
-2.18695  , 0.0       , 158.18695 , 9.77535   , 32.21154  , 3.78961   , 6.33591   , -0.00389  , 
-2.18695  , 0.0       , 158.18695 , 9.75399   , 32.41629  , 3.7024    , 6.23876   , -0.00379  , 
-2.18695  , 0.0       , 158.18695 , 9.7315    , 32.61891  , 3.6172    , 6.14288   , -0.00369  , 
-2.18695  , 0.0       , 158.18695 , 9.7079    , 32.81943  , 3.53395   , 6.04824   , -0.0036   , 
-2.18695  , 0.0       , 158.18695 , 9.68325   , 33.01786  , 3.45263   , 5.95485   , -0.0035   , 
-2.18695  , 0.0       , 158.18695 , 9.65757   , 33.21422  , 3.37317   , 5.86269   , -0.00341  , 
-2.18695  , 0.0       , 158.18695 , 9.63091   , 33.40852  , 3.29554   , 5.77176   , -0.00332  , 
-2.18695  , 0.0       , 158.18695 , 9.60329   , 33.60078  , 3.2197    , 5.68204   , -0.00324  , 
-2.18695  , 0.0       , 158.18695 , 9.57476   , 33.79102  , 3.14561   , 5.59352   , -0.00315  , 
-2.18695  , 0.0       , 158.18695 , 9.54535   , 33.97926  , 3.07322   , 5.5062    , -0.00307  , 
-2.18695  , 0.0       , 158.18695 , 9.51508   , 34.1655   , 3.00249   , 5.42005   , -0.00299  , 
-2.18695  , 0.0       , 158.18695 , 9.484     , 34.34977  , 2.9334    , 5.33508   , -0.00291  , 
-2.18695  , 0.0       , 158.18695 , 9.45213   , 34.53209  , 2.86589   , 5.25127   , -0.00284  , 
-2.18695  , 0.0       , 158.18695 , 9.4195    , 34.71247  , 2.79994   , 5.1686    , -0.00276  , 
-2.18695  , 0.0       , 158.18695 , 9.38614   , 34.89094  , 2.7355    , 5.08708   , -0.00269  , 
-2.18695  , 0.0       , 158.18695 , 9.35209   , 35.06749  , 2.67255   , 5.00668   , -0.00262  , 
-2.18695  , 0.0       , 158.18695 , 9.31736   , 35.24217  , 2.61105   , 4.9274    , -0.00255  , 
-2.18695  , 0.0       , 158.18695 , 9.28199   , 35.41497  , 2.55096   , 4.84923   , -0.00249  , 
-2.18695  , 0.0       , 158.18695 , 9.246     , 35.58592  , 2.49226   , 4.77215   , -0.00242  , 
-2.18695  , 0.0       , 158.18695 , 9.20941   , 35.75504  , 2.43491   , 4.69616   , -0.00236  , 
-2.18695  , 0.0       , 158.18695 , 9.17226   , 35.92234  , 2.37887   , 4.62123   , -0.0023   , 
-2.18695  , 0.0       , 158.18695 , 9.13456   , 36.08784  , 2.32413   , 4.54737   , -0.00224  , 
-2.18695  , 0.0       , 158.18695 , 9.09635   , 36.25156  , 2.27064   , 4.47456   , -0.00218  , 
-2.18695  , 0.0       , 158.18695 , 9.05764   , 36.41351  , 2.21839   , 4.40279   , -0.00212  , 
-2.18695  , 0.0       , 158.18695 , 9.01845   , 36.57372  , 2.16734   , 4.33204   , -0.00207  , 
-2.18695  , 0.0       , 158.18695 , 8.97882   , 36.73219  , 2.11746   , 4.26232   , -0.00201  , 
-2.18695  , 0.0       , 158.18695 , 8.93875   , 36.88895  , 2.06874   , 4.19359   , -0.00196  , 
-2.18695  , 0.0       , 158.18695 , 8.89827   , 37.044    , 2.02113   , 4.12586   , -0.00191  , 
-2.18695  , 0.0       , 158.18695 , 8.8574    , 37.19738  , 1.97462   , 4.05912   , -0.00186  , 
-2.18695  , 0.0       , 158.18695 , 8.81616   , 37.34909  , 1.92918   , 3.99335   , -0.00181  , 
-2.18695  , 0.0       , 158.18695 , 8.77457   , 37.49916  , 1.88478   , 3.92853   , -0.00177  , 
-2.18695  , 0.0       , 158.18695 , 8.73264   , 37.64759  , 1.84141   , 3.86467   , -0.00172  , 
-2.18695  , 0.0       , 158.18695 , 8.6904    , 37.7944   , 1.79904   , 3.80175   , -0.00168  , 
-2.18695  , 0.0       , 158.18695 , 8.64787   , 37.93962  , 1.75764   , 3.73975   , -0.00163  , 
-2.18695  , 0.0       , 158.18695 , 8.60505   , 38.08326  , 1.71719   , 3.67867   , -0.00159  , 
-2.18695  , 0.0       , 158.18695 , 8.56196   , 38.22533  , 1.67767   , 3.6185    , -0.00155  , 
-2.18695  , 0.0       , 158.18695 , 8.51863   , 38.36585  , 1.63907   , 3.55922   , -0.00151  , 
-2.18695  , 0.0       , 158.18695 , 8.47507   , 38.50483  , 1.60135   , 3.50083   , -0.00147  , 
-2.18695  , 0.0       , 158.18695 , 8.43129   , 38.6423   , 1.5645    , 3.44331   , -0.00143  , 
-2.18695  , 0.0       , 158.18695 , 8.38731   , 38.77826  , 1.5285    , 3.38665   , -0.00139  , 
-2.18695  , 0.0       , 158.18695 , 8.34314   , 38.91274  , 1.49332   , 3.33085   , -0.00136  , 
-2.18695  , 0.0       , 158.18695 , 8.29879   , 39.04575  , 1.45896   , 3.27589   , -0.00132  , 
-2.18695  , 0.0       , 158.18695 , 8.25429   , 39.1773   , 1.42539   , 3.22175   , -0.00129  , 
-2.18695  , 0.0       , 158.18695 , 8.20963   , 39.30741  , 1.39259   , 3.16844   , -0.00125  , 
-2.18695  , 0.0       , 158.18695 , 8.16484   , 39.4361   , 1.36054   , 3.11594   , -0.00122  , 
-2.18695  , 0.0       , 158.18695 , 8.11993   , 39.56338  , 1.32923   , 3.06424   , -0.00119  , 
-2.18695  , 0.0       , 158.18695 , 8.07491   , 39.68926  , 1.29864   , 3.01333   , -0.00116  , 
-2.18695  , 0.0       , 158.18695 , 8.02979   , 39.81377  , 1.26876   , 2.9632    , -0.00113  , 
-2.18695  , 0.0       , 158.18695 , 7.98459   , 39.93691  , 1.23956   , 2.91384   , -0.0011   , 
-2.18695  , 0.0       , 158.18695 , 7.9393    , 40.0587   , 1.21104   , 2.86523   , -0.00107  , 
-2.18695  , 0.0       , 158.18695 , 7.89395   , 40.17915  , 1.18317   , 2.81738   , -0.00104  , 
-2.18695  , 0.0       , 158.18695 , 7.84855   , 40.29829  , 1.15594   , 2.77027   , -0.00102  , 
-2.18695  , 0.0       , 158.18695 , 7.8031    , 40.41612  , 1.12934   , 2.72388   , -0.00099  , 
-2.18695  , 0.0       , 158.18695 , 7.75762   , 40.53266  , 1.10336   , 2.67822   , -0.00096  , 
-2.18695  , 0.0       , 158.18695 , 7.7121    , 40.64792  , 1.07797   , 2.63327   , -0.00094  , 
-2.18695  , 0.0       , 158.18695 , 7.66658   , 40.76192  , 1.05316   , 2.58901   , -0.00091  , 
-2.18695  , 0.0       , 158.18695 , 7.62104   , 40.87467  , 1.02893   , 2.54545   , -0.00089  , 
-2.18695  , 0.0       , 158.18695 , 7.57551   , 40.98618  , 1.00525   , 2.50257   , -0.00087  , 
-2.18695  , 0.0       , 158.18695 , 7.52998   , 41.09647  , 0.98212   , 2.46037   , -0.00084  , 
-2.18695  , 0.0       , 158.18695 , 7.48447   , 41.20555  , 0.95952   , 2.41883   , -0.00082  , 
-2.18695  , 0.0       , 158.18695 , 7.43899   , 41.31344  , 0.93744   , 2.37794   , -0.0008   , 
-2.18695  , 0.0       , 158.18695 , 7.39354   , 41.42015  , 0.91587   , 2.3377    , -0.00078  , 
-2.18695  , 0.0       , 158.18695 , 7.34813   , 41.52569  , 0.89479   , 2.29809   , -0.00076  , 
-2.18695  , 0.0       , 158.18695 , 7.30277   , 41.63007  , 0.8742    , 2.25911   , -0.00074  , 
-2.18695  , 0.0       , 158.18695 , 7.25746   , 41.73332  , 0.85409   , 2.22075   , -0.00072  , 
-2.18695  , 0.0       , 158.18695 , 7.21221   , 41.83543  , 0.83443   , 2.183     , -0.0007   , 
-2.18695  , 0.0       , 158.18695 , 7.16703   , 41.93642  , 0.81523   , 2.14586   , -0.00068  , 
-2.18695  , 0.0       , 158.18695 , 7.12192   , 42.03632  , 0.79647   , 2.1093    , -0.00067  , 
-2.18695  , 0.0       , 158.18695 , 7.07689   , 42.13512  , 0.77814   , 2.07333   , -0.00065  , 
-2.18695  , 0.0       , 158.18695 , 7.03195   , 42.23284  , 0.76024   , 2.03794   , -0.00063  , 
-2.18695  , 0.0       , 158.18695 , 6.9871    , 42.3295   , 0.74275   , 2.00312   , -0.00062  , 
-2.18695  , 0.0       , 158.18695 , 6.94234   , 42.4251   , 0.72565   , 1.96885   , -0.0006   , 
-2.18695  , 0.0       , 158.18695 , 6.89769   , 42.51966  , 0.70896   , 1.93514   , -0.00058  , 
-2.18695  , 0.0       , 158.18695 , 6.85314   , 42.61318  , 0.69264   , 1.90197   , -0.00057  , 
-2.18695  , 0.0       , 158.18695 , 6.80871   , 42.70569  , 0.6767    , 1.86933   , -0.00055  , 
-2.18695  , 0.0       , 158.18695 , 6.76439   , 42.79719  , 0.66113   , 1.83723   , -0.00054  , 
-2.18695  , 0.0       , 158.18695 , 6.72019   , 42.8877   , 0.64592   , 1.80565   , -0.00053  , 
-2.18695  , 0.0       , 158.18695 , 6.67612   , 42.97722  , 0.63106   , 1.77457   , -0.00051  , 
-2.18695  , 0.0       , 158.18695 , 6.63217   , 43.06577  , 0.61654   , 1.74401   , -0.0005   , 
-2.18695  , 0.0       , 158.18695 , 6.58836   , 43.15336  , 0.60235   , 1.71394   , -0.00049  , 
-2.18695  , 0.0       , 158.18695 , 6.54469   , 43.23999  , 0.58849   , 1.68436   , -0.00047  , 
-2.18695  , 0.0       , 158.18695 , 6.50116   , 43.32569  , 0.57495   , 1.65527   , -0.00046  , 
-2.18695  , 0.0       , 158.18695 , 6.45778   , 43.41046  , 0.56172   , 1.62665   , -0.00045  , 
-2.18695  , 0.0       , 158.18695 , 6.41454   , 43.49431  , 0.54879   , 1.5985    , -0.00044  , 
-2.18695  , 0.0       , 158.18695 , 6.37146   , 43.57725  , 0.53616   , 1.57082   , -0.00043  , 
-2.18695  , 0.0       , 158.18695 , 6.32853   , 43.65929  , 0.52383   , 1.54359   , -0.00041  , 
-2.18695  , 0.0       , 158.18695 , 6.28576   , 43.74045  , 0.51177   , 1.5168    , -0.0004   , 
-2.18695  , 0.0       , 158.18695 , 6.24315   , 43.82073  , 0.5       , 1.49046   , -0.00039  , 
-2.18695  , 0.0       , 158.18695 , 6.2007    , 43.90015  , 0.48849   , 1.46456   , -0.00038  , 
-2.18695  , 0.0       , 158.18695 , 6.15842   , 43.97871  , 0.47725   , 1.43908   , -0.00037  , 
-2.18695  , 0.0       , 158.18695 , 6.11631   , 44.05642  , 0.46627   , 1.41402   , -0.00036  , 
-2.18695  , 0.0       , 158.18695 , 6.07438   , 44.13329  , 0.45554   , 1.38938   , -0.00035  , 
-2.18695  , 0.0       , 158.18695 , 6.03262   , 44.20934  , 0.44506   , 1.36515   , -0.00034  , 
-2.18695  , 0.0       , 158.18695 , 5.99103   , 44.28457  , 0.43482   , 1.34132   , -0.00034  , 
-2.18695  , 0.0       , 158.18695 , 5.94962   , 44.359    , 0.42481   , 1.31789   , -0.00033  , 
-2.18695  , 0.0       , 158.18695 , 5.9084    , 44.43262  , 0.41504   , 1.29485   , -0.00032  , 
-2.18695  , 0.0       , 158.18695 , 5.86736   , 44.50546  , 0.40549   , 1.27219   , -0.00031  , 
-2.18695  , 0.0       , 158.18695 , 5.8265    , 44.57751  , 0.39616   , 1.24991   , -0.0003   , 
-2.18695  , 0.0       , 158.18695 , 5.78583   , 44.6488   , 0.38704   , 1.228     , -0.00029  , 
-2.18695  , 0.0       , 158.18695 , 5.74535   , 44.71932  , 0.37814   , 1.20647   , -0.00029  , 
-2.18695  , 0.0       , 158.18695 , 5.70506   , 44.78909  , 0.36944   , 1.18529   , -0.00028  , 
-2.18695  , 0.0       , 158.18695 , 5.66496   , 44.85812  , 0.36094   , 1.16447   , -0.00027  , 
-2.18695  , 0.0       , 158.18695 , 5.62506   , 44.92641  , 0.35263   , 1.14399   , -0.00027  , 
-2.18695  , 0.0       , 158.18695 , 5.58534   , 44.99397  , 0.34452   , 1.12387   , -0.00026  , 
-2.18695  , 0.0       , 158.18695 , 5.54583   , 45.06081  , 0.33659   , 1.10408   , -0.00025  , 
-2.18695  , 0.0       , 158.18695 , 5.50651   , 45.12695  , 0.32884   , 1.08462   , -0.00024  , 
-2.18695  , 0.0       , 158.18695 , 5.46739   , 45.19238  , 0.32128   , 1.0655    , -0.00024  , 
-2.18695  , 0.0       , 158.18695 , 5.42847   , 45.25712  , 0.31389   , 1.0467    , -0.00023  , 
-2.18695  , 0.0       , 158.18695 , 5.38975   , 45.32117  , 0.30666   , 1.02821   , -0.00023  , 
-2.18695  , 0.0       , 158.18695 , 5.35124   , 45.38454  , 0.29961   , 1.01004   , -0.00022  , 
-2.18695  , 0.0       , 158.18695 , 5.31292   , 45.44725  , 0.29271   , 0.99218   , -0.00021  , 
-2.18695  , 0.0       , 158.18695 , 5.27481   , 45.50929  , 0.28598   , 0.97462   , -0.00021  , 
-2.18695  , 0.0       , 158.18695 , 5.2369    , 45.57068  , 0.2794    , 0.95736   , -0.0002   , 
-2.18695  , 0.0       , 158.18695 , 5.19919   , 45.63142  , 0.27297   , 0.9404    , -0.0002   , 
-2.18695  , 0.0       , 158.18695 , 5.16169   , 45.69152  , 0.26669   , 0.92372   , -0.00019  , 
-2.18695  , 0.0       , 158.18695 , 5.1244    , 45.75099  , 0.26055   , 0.90733   , -0.00019  , 
-2.18695  , 0.0       , 158.18695 , 5.08731   , 45.80983  , 0.25456   , 0.89121   , -0.00018  , 
-2.18695  , 0.0       , 158.18695 , 5.05043   , 45.86806  , 0.2487    , 0.87538   , -0.00018  , 
-2.18695  , 0.0       , 158.18695 , 5.01376   , 45.92568  , 0.24298   , 0.85981   , -0.00017  , 
-2.18695  , 0.0       , 158.18695 , 4.9773    , 45.98269  , 0.23739   , 0.84451   , -0.00017  , 
-2.18695  , 0.0       , 158.18695 , 4.94104   , 46.03911  , 0.23192   , 0.82947   , -0.00016  , 
-2.18695  , 0.0       , 158.18695 , 4.90499   , 46.09494  , 0.22659   , 0.8147    , -0.00016  , 
-2.18695  , 0.0       , 158.18695 , 4.86915   , 46.15019  , 0.22137   , 0.80017   , -0.00016  , 
-2.18695  , 0.0       , 158.18695 , 4.83352   , 46.20486  , 0.21628   , 0.7859    , -0.00015  , 
-2.18695  , 0.0       , 158.18695 , 4.79809   , 46.25896  , 0.2113    , 0.77187   , -0.00015  , 
-2.18695  , 0.0       , 158.18695 , 4.76288   , 46.3125   , 0.20644   , 0.75808   , -0.00014  , 
-2.18695  , 0.0       , 158.18695 , 4.72787   , 46.36549  , 0.20169   , 0.74453   , -0.00014  , 
-2.18695  , 0.0       , 158.18695 , 4.69307   , 46.41792  , 0.19705   , 0.73121   , -0.00014  , 
-2.18695  , 0.0       , 158.18695 , 4.65848   , 46.46981  , 0.19252   , 0.71813   , -0.00013  , 
-2.18695  , 0.0       , 158.18695 , 4.6241    , 46.52117  , 0.18809   , 0.70527   , -0.00013  , 
-2.18695  , 0.0       , 158.18695 , 4.58993   , 46.57199  , 0.18376   , 0.69263   , -0.00013  , 
-2.18695  , 0.0       , 158.18695 , 4.55597   , 46.62229  , 0.17953   , 0.68021   , -0.00012  , 
-2.18695  , 0.0       , 158.18695 , 4.52221   , 46.67208  , 0.1754    , 0.66801   , -0.00012  , 
-2.18695  , 0.0       , 158.18695 , 4.48867   , 46.72135  , 0.17137   , 0.65602   , -0.00012  , 
-2.18695  , 0.0       , 158.18695 , 4.45533   , 46.77011  , 0.16742   , 0.64424   , -0.00011  , 
-2.18695  , 0.0       , 158.18695 , 4.4222    , 46.81837  , 0.16357   , 0.63266   , -0.00011  , 
-2.18695  , 0.0       , 158.18695 , 4.38927   , 46.86614  , 0.15981   , 0.62128   , -0.00011  , 
-2.18695  , 0.0       , 158.18695 , 4.35656   , 46.91342  , 0.15613   , 0.6101    , -0.00011  , 
-2.18695  , 0.0       , 158.18695 , 4.32405   , 46.96021  , 0.15254   , 0.59912   , -0.0001   , 
-2.18695  , 0.0       , 158.18695 , 4.29174   , 47.00653  , 0.14903   , 0.58833   , -0.0001   , 
-2.18695  , 0.0       , 158.18695 , 4.25964   , 47.05237  , 0.1456    , 0.57773   , -0.0001   , 
-2.18695  , 0.0       , 158.18695 , 4.22775   , 47.09775  , 0.14225   , 0.56731   , -9e-05    , 
-2.18695  , 0.0       , 158.18695 , 4.19606   , 47.14266  , 0.13898   , 0.55707   , -9e-05    , 
-2.18695  , 0.0       , 158.18695 , 4.16458   , 47.18712  , 0.13578   , 0.54702   , -9e-05    , 
-2.18695  , 0.0       , 158.18695 , 4.1333    , 47.23113  , 0.13265   , 0.53714   , -9e-05    , 
-2.18695  , 0.0       , 158.18695 , 4.10222   , 47.27469  , 0.1296    , 0.52743   , -9e-05    , 
-2.18695  , 0.0       , 158.18695 , 4.07135   , 47.31781  , 0.12662   , 0.51789   , -8e-05    , 
-2.18695  , 0.0       , 158.18695 , 4.04068   , 47.36049  , 0.12371   , 0.50852   , -8e-05    , 
-2.18695  , 0.0       , 158.18695 , 4.01021   , 47.40274  , 0.12086   , 0.49932   , -8e-05    , 
-2.18695  , 0.0       , 158.18695 , 3.97994   , 47.44457  , 0.11808   , 0.49028   , -8e-05    , 
-2.18695  , 0.0       , 158.18695 , 3.94987   , 47.48597  , 0.11536   , 0.48139   , -7e-05    , 
-2.18695  , 0.0       , 158.18695 , 3.92      , 47.52696  , 0.11271   , 0.47267   , -7e-05    , 
-2.18695  , 0.0       , 158.18695 , 3.89033   , 47.56754  , 0.11011   , 0.46409   , -7e-05    , 
-2.18695  , 0.0       , 158.18695 , 3.86086   , 47.60771  , 0.10758   , 0.45567   , -7e-05    , 
-2.18695  , 0.0       , 158.18695 , 3.83159   , 47.64747  , 0.10511   , 0.4474    , -7e-05    , 
-2.18695  , 0.0       , 158.18695 , 3.80251   , 47.68684  , 0.10269   , 0.43927   , -7e-05    , 
-2.18695  , 0.0       , 158.18695 , 3.77363   , 47.72581  , 0.10033   , 0.43129   , -6e-05    , 
-2.18695  , 0.0       , 158.18695 , 3.74495   , 47.7644   , 0.09802   , 0.42344   , -6e-05    , 
-2.18695  , 0.0       , 158.18695 , 3.71646   , 47.8026   , 0.09576   , 0.41574   , -6e-05    , 
-2.18695  , 0.0       , 158.18695 , 3.68816   , 47.84042  , 0.09356   , 0.40817   , -6e-05    , 
-2.18695  , 0.0       , 158.18695 , 3.66006   , 47.87786  , 0.09141   , 0.40074   , -6e-05    , 
-2.18695  , 0.0       , 158.18695 , 3.63215   , 47.91494  , 0.0893    , 0.39344   , -6e-05    , 
-2.18695  , 0.0       , 158.18695 , 3.60443   , 47.95164  , 0.08725   , 0.38627   , -5e-05    , 
-2.18695  , 0.0       , 158.18695 , 3.57691   , 47.98798  , 0.08524   , 0.37922   , -5e-05    , 
-2.18695  , 0.0       , 158.18695 , 3.54957   , 48.02396  , 0.08328   , 0.3723    , -5e-05    , 
-2.18695  , 0.0       , 158.18695 , 3.52242   , 48.05959  , 0.08136   , 0.36551   , -5e-05    , 
-2.18695  , 0.0       , 158.18695 , 3.49546   , 48.09486  , 0.07949   , 0.35883   , -5e-05    , 
-2.18695  , 0.0       , 158.18695 , 3.46869   , 48.12979  , 0.07766   , 0.35228   , -5e-05    , 
-2.18695  , 0.0       , 158.18695 , 3.44211   , 48.16437  , 0.07588   , 0.34584   , -5e-05    , 
-2.18695  , 0.0       , 158.18695 , 3.41571   , 48.19861  , 0.07413   , 0.33951   , -5e-05    , 
-2.18695  , 0.0       , 158.18695 , 3.3895    , 48.23252  , 0.07242   , 0.3333    , -4e-05    , 
-2.18695  , 0.0       , 158.18695 , 3.36347   , 48.26609  , 0.07076   , 0.3272    , -4e-05    , 
-2.18695  , 0.0       , 158.18695 , 3.33762   , 48.29934  , 0.06913   , 0.32121   , -4e-05    , 
-2.18695  , 0.0       , 158.18695 , 3.31196   , 48.33226  , 0.06754   , 0.31533   , -4e-05    , 
-2.18695  , 0.0       , 158.18695 , 3.28647   , 48.36486  , 0.06599   , 0.30955   , -4e-05    , 
-2.18695  , 0.0       , 158.18695 , 3.26117   , 48.39714  , 0.06447   , 0.30387   , -4e-05    , 
-2.18695  , 0.0       , 158.18695 , 3.23605   , 48.4291   , 0.06298   , 0.2983    , -4e-05    , 
-2.18695  , 0.0       , 158.18695 , 3.2111    , 48.46076  , 0.06153   , 0.29282   , -4e-05    , 
-2.18695  , 0.0       , 158.18695 , 3.18634   , 48.4921   , 0.06012   , 0.28745   , -4e-05    , 
-2.18695  , 0.0       , 158.18695 , 3.16175   , 48.52315  , 0.05874   , 0.28217   , -3e-05    , 
-2.18695  , 0.0       , 158.18695 , 3.13734   , 48.55389  , 0.05738   , 0.27698   , -3e-05    , 
-2.18695  , 0.0       , 158.18695 , 3.1131    , 48.58433  , 0.05606   , 0.27189   , -3e-05    , 
-2.18695  , 0.0       , 158.18695 , 3.08904   , 48.61448  , 0.05477   , 0.26689   , -3e-05    , 
-2.18695  , 0.0       , 158.18695 , 3.06514   , 48.64434  , 0.05351   , 0.26198   , -3e-05    , 
-2.18695  , 0.0       , 158.18695 , 3.04143   , 48.67391  , 0.05228   , 0.25716   , -3e-05    , 
-2.18695  , 0.0       , 158.18695 , 3.01788   , 48.7032   , 0.05108   , 0.25242   , -3e-05    , 
-2.18695  , 0.0       , 158.18695 , 2.9945    , 48.7322   , 0.0499    , 0.24777   , -3e-05    , 
-2.18695  , 0.0       , 158.18695 , 2.97129   , 48.76093  , 0.04876   , 0.24321   , -3e-05    , 
-2.18695  , 0.0       , 158.18695 , 2.94826   , 48.78938  , 0.04763   , 0.23872   , -3e-05    , 
-2.18695  , 0.0       , 158.18695 , 2.92538   , 48.81756  , 0.04654   , 0.23432   , -3e-05    , 
-2.18695  , 0.0       , 158.18695 , 2.90268   , 48.84546  , 0.04547   , 0.23      , -3e-05    , 
-2.18695  , 0.0       , 158.18695 , 2.88014   , 48.87311  , 0.04442   , 0.22575   , -3e-05    , 
-2.18695  , 0.0       , 158.18695 , 2.85776   , 48.90048  , 0.0434    , 0.22159   , -2e-05    , 
-2.18695  , 0.0       , 158.18695 , 2.83555   , 48.9276   , 0.0424    , 0.21749   , -2e-05    , 
-2.18695  , 0.0       , 158.18695 , 2.81351   , 48.95446  , 0.04143   , 0.21347   , -2e-05    , 
-2.18695  , 0.0       , 158.18695 , 2.79162   , 48.98106  , 0.04047   , 0.20953   , -2e-05    , 
-2.18695  , 0.0       , 158.18695 , 2.76989   , 49.00741  , 0.03954   , 0.20565   , -2e-05    , 
-2.18695  , 0.0       , 158.18695 , 2.74833   , 49.03351  , 0.03863   , 0.20185   , -2e-05    , 
-2.18695  , 0.0       , 158.18695 , 2.72692   , 49.05936  , 0.03774   , 0.19811   , -2e-05    , 
-2.18695  , 0.0       , 158.18695 , 2.70567   , 49.08497  , 0.03687   , 0.19445   , -2e-05    , 
-2.18695  , 0.0       , 158.18695 , 2.68458   , 49.11033  , 0.03603   , 0.19085   , -2e-05    , 
-2.18695  , 0.0       , 158.18695 , 2.66364   , 49.13546  , 0.0352    , 0.18731   , -2e-05    , 
-2.18695  , 0.0       , 158.18695 , 2.64286   , 49.16035  , 0.03439   , 0.18384   , -2e-05    , 
-2.18695  , 0.0       , 158.18695 , 2.62223   , 49.185    , 0.0336    , 0.18043   , -2e-05    , 
-2.18695  , 0.0       , 158.18695 , 2.60176   , 49.20943  , 0.03282   , 0.17708   , -2e-05    , 
-2.18695  , 0.0       , 158.18695 , 2.58144   , 49.23362  , 0.03207   , 0.1738    , -2e-05    , 
-2.18695  , 0.0       , 158.18695 , 2.56127   , 49.25759  , 0.03133   , 0.17057   , -2e-05    , 
-2.18695  , 0.0       , 158.18695 , 2.54125   , 49.28133  , 0.03061   , 0.16741   , -2e-05    , 
-2.18695  , 0.0       , 158.18695 , 2.52138   , 49.30485  , 0.02991   , 0.1643    , -2e-05    , 
-2.18695  , 0.0       , 158.18695 , 2.50165   , 49.32815  , 0.02922   , 0.16125   , -2e-05    , 
-2.18695  , 0.0       , 158.18695 , 2.48208   , 49.35123  , 0.02855   , 0.15825   , -2e-05    , 
-2.18695  , 0.0       , 158.18695 , 2.46265   , 49.37409  , 0.02789   , 0.15531   , -2e-05    , 
-2.18695  , 0.0       , 158.18695 , 2.44337   , 49.39675  , 0.02725   , 0.15242   , -1e-05    , 
-2.18695  , 0.0       , 158.18695 , 2.42423   , 49.41919  , 0.02662   , 0.14958   , -1e-05    , 
-2.18695  , 0.0       , 158.18695 , 2.40524   , 49.44142  , 0.02601   , 0.1468    , -1e-05    , 
-2.18695  , 0.0       , 158.18695 , 2.38638   , 49.46345  , 0.02541   , 0.14407   , -1e-05    , 
-2.18695  , 0.0       , 158.18695 , 2.36767   , 49.48527  , 0.02482   , 0.14138   , -1e-05    , 
-2.18695  , 0.0       , 158.18695 , 2.3491    , 49.50689  , 0.02425   , 0.13875   , -1e-05    , 
-2.18695  , 0.0       , 158.18695 , 2.33068   , 49.52831  , 0.0237    , 0.13616   , -1e-05    , 
-2.18695  , 0.0       , 158.18695 , 2.31239   , 49.54954  , 0.02315   , 0.13363   , -1e-05    , 
-2.18695  , 0.0       , 158.18695 , 2.29423   , 49.57056  , 0.02262   , 0.13113   , -1e-05    , 
-2.18695  , 0.0       , 158.18695 , 2.27622   , 49.59139  , 0.0221    , 0.12869   , -1e-05    , 
-2.18695  , 0.0       , 158.18695 , 2.25834   , 49.61204  , 0.02159   , 0.12629   , -1e-05    , 
-2.18695  , 0.0       , 158.18695 , 2.2406    , 49.63249  , 0.02109   , 0.12393   , -1e-05    , 
-2.18695  , 0.0       , 158.18695 , 2.22299   , 49.65275  , 0.02061   , 0.12162   , -1e-05    , 
-2.18695  , 0.0       , 158.18695 , 2.20551   , 49.67282  , 0.02013   , 0.11934   , -1e-05    , 
-2.18695  , 0.0       , 158.18695 , 2.18817   , 49.69272  , 0.01967   , 0.11711   , -1e-05    , 
-2.18695  , 0.0       , 158.18695 , 2.17096   , 49.71243  , 0.01922   , 0.11493   , -1e-05    , 
-2.18695  , 0.0       , 158.18695 , 2.15388   , 49.73196  , 0.01878   , 0.11278   , -1e-05    , 
-2.18695  , 0.0       , 158.18695 , 2.13693   , 49.75131  , 0.01834   , 0.11067   , -1e-05    , 
-2.18695  , 0.0       , 158.18695 , 2.12011   , 49.77048  , 0.01792   , 0.1086    , -1e-05    , 
-2.18695  , 0.0       , 158.18695 , 2.10342   , 49.78948  , 0.01751   , 0.10657   , -1e-05    , 
-2.18695  , 0.0       , 158.18695 , 2.08686   , 49.80831  , 0.01711   , 0.10457   , -1e-05    , 
-2.18695  , 0.0       , 158.18695 , 2.07042   , 49.82696  , 0.01671   , 0.10261   , -1e-05    , 
-2.18695  , 0.0       , 158.18695 , 2.05411   , 49.84545  , 0.01633   , 0.10069   , -1e-05    , 
-2.18695  , 0.0       , 158.18695 , 2.03792   , 49.86376  , 0.01595   , 0.09881   , -1e-05    , 
-2.18695  , 0.0       , 158.18695 , 2.02185   , 49.88191  , 0.01559   , 0.09695   , -1e-05    , 
-2.18695  , 0.0       , 158.18695 , 2.00591   , 49.8999   , 0.01523   , 0.09514   , -1e-05    , 
-2.18695  , 0.0       , 158.18695 , 1.99009   , 49.91772  , 0.01488   , 0.09335   , -1e-05    , 
-2.18695  , 0.0       , 158.18695 , 1.9744    , 49.93539  , 0.01453   , 0.0916    , -1e-05    , 
-2.18695  , 0.0       , 158.18695 , 1.95882   , 49.95289  , 0.0142    , 0.08988   , -1e-05    , 
-2.18695  , 0.0       , 158.18695 , 1.94336   , 49.97023  , 0.01387   , 0.0882    , -1e-05    , 
-2.18695  , 0.0       , 158.18695 , 1.92802   , 49.98742  , 0.01355   , 0.08654   , -1e-05    , 
-2.18695  , 0.0       , 158.18695 , 1.9128    , 50.00446  , 0.01324   , 0.08492   , -1e-05    , 
-2.18695  , 0.0       , 158.18695 , 1.8977    , 50.02134  , 0.01294   , 0.08332   , -1e-05    , 
-2.18695  , 0.0       , 158.18695 , 1.88271   , 50.03806  , 0.01264   , 0.08176   , -1e-05    , 
-2.18695  , 0.0       , 158.18695 , 1.86784   , 50.05464  , 0.01235   , 0.08022   , -1e-05    , 
-2.18695  , 0.0       , 158.18695 , 1.85308   , 50.07107  , 0.01206   , 0.07871   , -1e-05    , 
-2.18695  , 0.0       , 158.18695 , 1.83844   , 50.08735  , 0.01179   , 0.07723   , -1e-05    , 
-2.18695  , 0.0       , 158.18695 , 1.82391   , 50.10349  , 0.01152   , 0.07578   , -1e-05    , 
-2.18695  , 0.0       , 158.18695 , 1.80949   , 50.11948  , 0.01125   , 0.07435   , -1e-05    , 
-2.18695  , 0.0       , 158.18695 , 1.79518   , 50.13533  , 0.01099   , 0.07295   , -1e-05    , 
-2.18695  , 0.0       , 158.18695 , 1.78098   , 50.15103  , 0.01074   , 0.07158   , -1e-05    , 
-2.18695  , 0.0       , 158.18695 , 1.7669    , 50.1666   , 0.01049   , 0.07023   , -0.0      , 
-2.18695  , 0.0       , 158.18695 , 1.75292   , 50.18203  , 0.01025   , 0.06891   , -0.0      , 
-2.18695  , 0.0       , 158.18695 , 1.73905   , 50.19732  , 0.01002   , 0.06761   , -0.0      , 
-2.18695  , 0.0       , 158.18695 , 1.72529   , 50.21247  , 0.00978   , 0.06634   , -0.0      , 
-2.18695  , 0.0       , 158.18695 , 1.71163   , 50.22749  , 0.00956   , 0.06509   , -0.0      , 
-2.18695  , 0.0       , 158.18695 , 1.69808   , 50.24238  , 0.00934   , 0.06386   , -0.0      , 
-2.18695  , 0.0       , 158.18695 , 1.68464   , 50.25714  , 0.00912   , 0.06266   , -0.0      , 
-2.18695  , 0.0       , 158.18695 , 1.6713    , 50.27176  , 0.00891   , 0.06147   , -0.0      , 
-2.18695  , 0.0       , 158.18695 , 1.65806   , 50.28625  , 0.00871   , 0.06031   , -0.0      , 
-2.18695  , 0.0       , 158.18695 , 1.64493   , 50.30062  , 0.00851   , 0.05918   , -0.0      , 
-2.18695  , 0.0       , 158.18695 , 1.6319    , 50.31486  , 0.00831   , 0.05806   , -0.0      , 
-2.18695  , 0.0       , 158.18695 , 1.61896   , 50.32897  , 0.00812   , 0.05696   , -0.0      , 
-2.18695  , 0.0       , 158.18695 , 1.60613   , 50.34296  , 0.00794   , 0.05589   , -0.0      , 
-2.18695  , 0.0       , 158.18695 , 1.5934    , 50.35682  , 0.00775   , 0.05483   , -0.0      , 
-2.18695  , 0.0       , 158.18695 , 1.58077   , 50.37057  , 0.00757   , 0.0538    , -0.0      , 
-2.18695  , 0.0       , 158.18695 , 1.56824   , 50.38419  , 0.0074    , 0.05278   , -0.0      , 
-2.18695  , 0.0       , 158.18695 , 1.55581   , 50.39769  , 0.00723   , 0.05178   , -0.0      , 
-2.18695  , 0.0       , 158.18695 , 1.54347   , 50.41107  , 0.00706   , 0.0508    , -0.0      , 
-2.18695  , 0.0       , 158.18695 , 1.53123   , 50.42434  , 0.0069    , 0.04984   , -0.0      , 
-2.18695  , 0.0       , 158.18695 , 1.51908   , 50.43749  , 0.00674   , 0.0489    , -0.0      , 
-2.18695  , 0.0       , 158.18695 , 1.50703   , 50.45052  , 0.00659   , 0.04797   , -0.0      , 
-2.18695  , 0.0       , 158.18695 , 1.49507   , 50.46344  , 0.00644   , 0.04706   , -0.0      , 
-2.18695  , 0.0       , 158.18695 , 1.48321   , 50.47625  , 0.00629   , 0.04617   , -0.0      , 
-2.18695  , 0.0       , 158.18695 , 1.47144   , 50.48895  , 0.00614   , 0.0453    , -0.0      , 
-2.18695  , 0.0       , 158.18695 , 1.45976   , 50.50153  , 0.006     , 0.04444   , -0.0      , 
-2.18695  , 0.0       , 158.18695 , 1.44817   , 50.514    , 0.00586   , 0.0436    , -0.0      , 
-2.18695  , 0.0       , 158.18695 , 1.43667   , 50.52637  , 0.00573   , 0.04277   , -0.0      , 
-2.18695  , 0.0       , 158.18695 , 1.42526   , 50.53863  , 0.0056    , 0.04196   , -0.0      , 
-2.18695  , 0.0       , 158.18695 , 1.41395   , 50.55078  , 0.00547   , 0.04117   , -0.0      , 
-2.18695  , 0.0       , 158.18695 , 1.40272   , 50.56282  , 0.00534   , 0.04039   , -0.0      , 
-2.18695  , 0.0       , 158.18695 , 1.39157   , 50.57476  , 0.00522   , 0.03962   , -0.0      , 
-2.18695  , 0.0       , 158.18695 , 1.38052   , 50.5866   , 0.0051    , 0.03887   , -0.0      , 
-2.18695  , 0.0       , 158.18695 , 1.36955   , 50.59833  , 0.00498   , 0.03813   , -0.0      , 
-2.18695  , 0.0       , 158.18695 , 1.35867   , 50.60996  , 0.00487   , 0.03741   , -0.0      , 
-2.18695  , 0.0       , 158.18695 , 1.34787   , 50.6215   , 0.00476   , 0.0367    , -0.0      , 
-2.18695  , 0.0       , 158.18695 , 1.33716   , 50.63293  , 0.00465   , 0.036     , -0.0      , 
-2.18695  , 0.0       , 158.18695 , 1.32654   , 50.64426  , 0.00454   , 0.03532   , -0.0      , 
-2.18695  , 0.0       , 158.18695 , 1.31599   , 50.65549  , 0.00443   , 0.03465   , -0.0      , 
-2.18695  , 0.0       , 158.18695 , 1.30553   , 50.66663  , 0.00433   , 0.03399   , -0.0      , 
-2.18695  , 0.0       , 158.18695 , 1.29515   , 50.67767  , 0.00423   , 0.03334   , -0.0      , 
-2.18695  , 0.0       , 158.18695 , 1.28485   , 50.68862  , 0.00414   , 0.03271   , -0.0      , 
-2.18695  , 0.0       , 158.18695 , 1.27464   , 50.69947  , 0.00404   , 0.03209   , -0.0      , 
-2.18695  , 0.0       , 158.18695 , 1.2645    , 50.71023  , 0.00395   , 0.03148   , -0.0      , 
-2.18695  , 0.0       , 158.18695 , 1.25444   , 50.72089  , 0.00386   , 0.03088   , -0.0      , 
-2.18695  , 0.0       , 158.18695 , 1.24446   , 50.73146  , 0.00377   , 0.03029   , -0.0      , 
-2.18695  , 0.0       , 158.18695 , 1.23457   , 50.74195  , 0.00368   , 0.02971   , -0.0      , 
-2.18695  , 0.0       , 158.18695 , 1.22474   , 50.75234  , 0.0036    , 0.02915   , -0.0      , 
-2.18695  , 0.0       , 158.18695 , 1.215     , 50.76264  , 0.00351   , 0.02859   , -0.0      , 
-2.18695  , 0.0       , 158.18695 , 1.20533   , 50.77286  , 0.00343   , 0.02805   , -0.0      , 
-2.18695  , 0.0       , 158.18695 , 1.19574   , 50.78298  , 0.00335   , 0.02751   , -0.0      , 
-2.18695  , 0.0       , 158.18695 , 1.18623   , 50.79302  , 0.00328   , 0.02699   , -0.0      , 
-2.18695  , 0.0       , 158.18695 , 1.17679   , 50.80298  , 0.0032    , 0.02648   , -0.0      , 
-2.18695  , 0.0       , 158.18695 , 1.16742   , 50.81285  , 0.00313   , 0.02597   , -0.0      , 
-2.18695  , 0.0       , 158.18695 , 1.15813   , 50.82263  , 0.00306   , 0.02548   , -0.0      , 
-2.18695  , 0.0       , 158.18695 , 1.14891   , 50.83233  , 0.00299   , 0.02499   , -0.0      , 
-2.18695  , 0.0       , 158.18695 , 1.13976   , 50.84195  , 0.00292   , 0.02451   , -0.0      , 
-2.18695  , 0.0       , 158.18695 , 1.13069   , 50.85149  , 0.00285   , 0.02405   , -0.0      , 
-2.18695  , 0.0       , 158.18695 , 1.12168   , 50.86094  , 0.00278   , 0.02359   , -0.0      , 
-2.18695  , 0.0       , 158.18695 , 1.11275   , 50.87031  , 0.00272   , 0.02314   , -0.0      , 
-2.18695  , 0.0       , 158.18695 , 1.10389   , 50.87961  , 0.00266   , 0.0227    , -0.0      , 
-2.18695  , 0.0       , 158.18695 , 1.0951    , 50.88882  , 0.0026    , 0.02226   , -0.0      , 
-2.18695  , 0.0       , 158.18695 , 1.08638   , 50.89796  , 0.00254   , 0.02184   , -0.0      , 
-2.18695  , 0.0       , 158.18695 , 1.07773   , 50.90702  , 0.00248   , 0.02142   , -0.0      , 
-2.18695  , 0.0       , 158.18695 , 1.06914   , 50.916    , 0.00242   , 0.02101   , -0.0      , 
-2.18695  , 0.0       , 158.18695 , 1.06062   , 50.9249   , 0.00237   , 0.02061   , -0.0      , 
-2.18695  , 0.0       , 158.18695 , 1.05217   , 50.93373  , 0.00231   , 0.02022   , -0.0      , 
-2.18695  , 0.0       , 158.18695 , 1.04379   , 50.94249  , 0.00226   , 0.01983   , -0.0      , 
-2.18695  , 0.0       , 158.18695 , 1.03548   , 50.95117  , 0.00221   , 0.01945   , -0.0      , 
-2.18695  , 0.0       , 158.18695 , 1.02722   , 50.95978  , 0.00216   , 0.01908   , -0.0      , 
-2.18695  , 0.0       , 158.18695 , 1.01904   , 50.96831  , 0.00211   , 0.01872   , -0.0      , 
-2.18695  , 0.0       , 158.18695 , 1.01092   , 50.97677  , 0.00206   , 0.01836   , -0.0      , 
-2.18695  , 0.0       , 158.18695 , 1.00286   , 50.98516  , 0.00201   , 0.01801   , -0.0      , 
-2.18695  , 0.0       , 158.18695 , 0.99487   , 50.99348  , 0.00196   , 0.01766   , -0.0      , 
-2.18695  , 0.0       , 158.18695 , 0.98694   , 51.00173  , 0.00192   , 0.01732   , -0.0      , 
-2.18695  , 0.0       , 158.18695 , 0.97907   , 51.00991  , 0.00187   , 0.01699   , -0.0      , 
-2.18695  , 0.0       , 158.18695 , 0.97127   , 51.01802  , 0.00183   , 0.01667   , -0.0      , 
-2.18695  , 0.0       , 158.18695 , 0.96353   , 51.02606  , 0.00179   , 0.01635   , -0.0      , 
-2.18695  , 0.0       , 158.18695 , 0.95584   , 51.03403  , 0.00175   , 0.01604   , -0.0      , 
-2.18695  , 0.0       , 158.18695 , 0.94822   , 51.04194  , 0.00171   , 0.01573   , -0.0      , 
-2.18695  , 0.0       , 158.18695 , 0.94066   , 51.04978  , 0.00167   , 0.01543   , -0.0      , 
-2.18695  , 0.0       , 158.18695 , 0.93316   , 51.05755  , 0.00163   , 0.01513   , -0.0      , 
-2.18695  , 0.0       , 158.18695 , 0.92572   , 51.06526  , 0.00159   , 0.01484   , -0.0      , 
-2.18695  , 0.0       , 158.18695 , 0.91834   , 51.07291  , 0.00156   , 0.01456   , -0.0      , 
-2.18695  , 0.0       , 158.18695 , 0.91102   , 51.08048  , 0.00152   , 0.01428   , -0.0      , 
-2.18695  , 0.0       , 158.18695 , 0.90375   , 51.088    , 0.00149   , 0.014     , -0.0      , 
-2.18695  , 0.0       , 158.18695 , 0.89654   , 51.09545  , 0.00145   , 0.01374   , -0.0      , 
-2.18695  , 0.0       , 158.18695 , 0.88939   , 51.10284  , 0.00142   , 0.01347   , -0.0      , 
-2.18695  , 0.0       , 158.18695 , 0.8823    , 51.11017  , 0.00139   , 0.01321   , -0.0      , 
-2.18695  , 0.0       , 158.18695 , 0.87526   , 51.11744  , 0.00135   , 0.01296   , -0.0      , 
-2.18695  , 0.0       , 158.18695 , 0.86828   , 51.12464  , 0.00132   , 0.01271   , -0.0      , 
-2.18695  , 0.0       , 158.18695 , 0.86135   , 51.13179  , 0.00129   , 0.01247   , -0.0      , 
-2.18695  , 0.0       , 158.18695 , 0.85448   , 51.13887  , 0.00126   , 0.01223   , -0.0      , 
-2.18695  , 0.0       , 158.18695 , 0.84767   , 51.1459   , 0.00123   , 0.01199   , -0.0      , 
-2.18695  , 0.0       , 158.18695 , 0.8409    , 51.15287  , 0.0012    , 0.01176   , -0.0      , 
-2.18695  , 0.0       , 158.18695 , 0.83419   , 51.15977  , 0.00118   , 0.01154   , -0.0      , 
-2.18695  , 0.0       , 158.18695 , 0.82754   , 51.16663  , 0.00115   , 0.01132   , -0.0      , 
-2.18695  , 0.0       , 158.18695 , 0.82093   , 51.17342  , 0.00112   , 0.0111    , -0.0      , 
-2.18695  , 0.0       , 158.18695 , 0.81438   , 51.18016  , 0.0011    , 0.01089   , -0.0      , 
-2.18695  , 0.0       , 158.18695 , 0.80789   , 51.18684  , 0.00107   , 0.01068   , -0.0      , 
-2.18695  , 0.0       , 158.18695 , 0.80144   , 51.19346  , 0.00105   , 0.01047   , -0.0      , 
-2.18695  , 0.0       , 158.18695 , 0.79504   , 51.20003  , 0.00102   , 0.01027   , -0.0      , 
-2.18695  , 0.0       , 158.18695 , 0.7887    , 51.20655  , 0.001     , 0.01007   , -0.0      , 
-2.18695  , 0.0       , 158.18695 , 0.7824    , 51.21301  , 0.00098   , 0.00988   , -0.0      , 
-2.18695  , 0.0       , 158.18695 , 0.77616   , 51.21941  , 0.00095   , 0.00969   , -0.0      , 
-2.18695  , 0.0       , 158.18695 , 0.76996   , 51.22577  , 0.00093   , 0.0095    , -0.0      , 
-2.18695  , 0.0       , 158.18695 , 0.76382   , 51.23207  , 0.00091   , 0.00932   , -0.0      , 
-2.18695  , 0.0       , 158.18695 , 0.75772   , 51.23832  , 0.00089   , 0.00914   , -0.0      , 
-2.18695  , 0.0       , 158.18695 , 0.75167   , 51.24451  , 0.00087   , 0.00897   , -0.0      , 
-2.18695  , 0.0       , 158.18695 , 0.74567   , 51.25066  , 0.00085   , 0.00879   , -0.0      , 
-2.18695  , 0.0       , 158.18695 , 0.73972   , 51.25675  , 0.00083   , 0.00862   , -0.0      , 
-2.18695  , 0.0       , 158.18695 , 0.73381   , 51.26279  , 0.00081   , 0.00846   , -0.0      , 
-2.18695  , 0.0       , 158.18695 , 0.72796   , 51.26879  , 0.00079   , 0.00829   , -0.0      , 
-2.18695  , 0.0       , 158.18695 , 0.72214   , 51.27473  , 0.00077   , 0.00814   , -0.0      , 
-2.18695  , 0.0       , 158.18695 , 0.71638   , 51.28062  , 0.00076   , 0.00798   , -0.0      , 
-2.18695  , 0.0       , 158.18695 , 0.71066   , 51.28647  , 0.00074   , 0.00782   , -0.0      , 
-2.18695  , 0.0       , 158.18695 , 0.70498   , 51.29227  , 0.00072   , 0.00767   , -0.0      , 
-2.18695  , 0.0       , 158.18695 , 0.69936   , 51.29801  , 0.00071   , 0.00753   , -0.0      , 
-2.18695  , 0.0       , 158.18695 , 0.69377   , 51.30371  , 0.00069   , 0.00738   , -0.0      , 
-2.18695  , 0.0       , 158.18695 , 0.68823   , 51.30937  , 0.00067   , 0.00724   , -0.0      , 
-2.18695  , 0.0       , 158.18695 , 0.68274   , 51.31497  , 0.00066   , 0.0071    , -0.0      , 
-2.18695  , 0.0       , 158.18695 , 0.67728   , 51.32053  , 0.00064   , 0.00696   , -0.0      , 
-2.18695  , 0.0       , 158.18695 , 0.67188   , 51.32605  , 0.00063   , 0.00683   , -0.0      , 
-2.18695  , 0.0       , 158.18695 , 0.66651   , 51.33152  , 0.00061   , 0.0067    , -0.0      , 
-2.18695  , 0.0       , 158.18695 , 0.66119   , 51.33694  , 0.0006    , 0.00657   , -0.0      , 
-2.18695  , 0.0       , 158.18695 , 0.65591   , 51.34232  , 0.00059   , 0.00644   , -0.0      , 
-2.18695  , 0.0       , 158.18695 , 0.65067   , 51.34765  , 0.00057   , 0.00632   , -0.0      , 
-2.18695  , 0.0       , 158.18695 , 0.64547   , 51.35294  , 0.00056   , 0.00619   , -0.0      , 
-2.18695  , 0.0       , 158.18695 , 0.64032   , 51.35819  , 0.00055   , 0.00608   , -0.0      , 
-2.18695  , 0.0       , 158.18695 , 0.6352    , 51.36339  , 0.00053   , 0.00596   , -0.0      , 
-2.18695  , 0.0       , 158.18695 , 0.63013   , 51.36855  , 0.00052   , 0.00584   , -0.0      , 
-2.18695  , 0.0       , 158.18695 , 0.62509   , 51.37367  , 0.00051   , 0.00573   , -0.0      , 
-2.18695  , 0.0       , 158.18695 , 0.6201    , 51.37875  , 0.0005    , 0.00562   , -0.0      , 
-2.18695  , 0.0       , 158.18695 , 0.61515   , 51.38378  , 0.00049   , 0.00551   , -0.0      , 
-2.18695  , 0.0       , 158.18695 , 0.61023   , 51.38877  , 0.00047   , 0.0054    , -0.0      , 
-2.18695  , 0.0       , 158.18695 , 0.60536   , 51.39372  , 0.00046   , 0.0053    , -0.0      , 
-2.18695  , 0.0       , 158.18695 , 0.60052   , 51.39863  , 0.00045   , 0.0052    , -0.0      , 
-2.18695  , 0.0       , 158.18695 , 0.59573   , 51.4035   , 0.00044   , 0.0051    , -0.0      , 
-2.18695  , 0.0       , 158.18695 , 0.59097   , 51.40833  , 0.00043   , 0.005     , -0.0      , 
-2.18695  , 0.0       , 158.18695 , 0.58625   , 51.41312  , 0.00042   , 0.0049    , -0.0      , 
-2.18695  , 0.0       , 158.18695 , 0.58156   , 51.41787  , 0.00041   , 0.00481   , -0.0      , 
-2.18695  , 0.0       , 158.18695 , 0.57692   , 51.42258  , 0.0004    , 0.00471   , -0.0      , 
-2.18695  , 0.0       , 158.18695 , 0.57231   , 51.42726  , 0.00039   , 0.00462   , -0.0      , 
-2.18695  , 0.0       , 158.18695 , 0.56773   , 51.43189  , 0.00039   , 0.00453   , -0.0      , 
-2.18695  , 0.0       , 158.18695 , 0.5632    , 51.43649  , 0.00038   , 0.00445   , -0.0      , 
-2.18695  , 0.0       , 158.18695 , 0.5587    , 51.44105  , 0.00037   , 0.00436   , -0.0      , 
-2.18695  , 0.0       , 158.18695 , 0.55423   , 51.44557  , 0.00036   , 0.00428   , -0.0      , 
-2.18695  , 0.0       , 158.18695 , 0.54981   , 51.45005  , 0.00035   , 0.00419   , -0.0      , 
-2.18695  , 0.0       , 158.18695 , 0.54541   , 51.4545   , 0.00034   , 0.00411   , -0.0      , 
-2.18695  , 0.0       , 158.18695 , 0.54105   , 51.45891  , 0.00033   , 0.00403   , -0.0      , 
-2.18695  , 0.0       , 158.18695 , 0.53673   , 51.46328  , 0.00033   , 0.00395   , -0.0      , 
-2.18695  , 0.0       , 158.18695 , 0.53244   , 51.46762  , 0.00032   , 0.00388   , -0.0      , 
-2.18695  , 0.0       , 158.18695 , 0.52819   , 51.47193  , 0.00031   , 0.0038    , -0.0      , 
-2.18695  , 0.0       , 158.18695 , 0.52397   , 51.47619  , 0.00031   , 0.00373   , -0.0      , 
-2.18695  , 0.0       , 158.18695 , 0.51978   , 51.48043  , 0.0003    , 0.00366   , -0.0      , 
-2.18695  , 0.0       , 158.18695 , 0.51563   , 51.48462  , 0.00029   , 0.00359   , -0.0      , 
-2.18695  , 0.0       , 158.18695 , 0.5115    , 51.48879  , 0.00028   , 0.00352   , -0.0      , 
-2.18695  , 0.0       , 158.18695 , 0.50742   , 51.49292  , 0.00028   , 0.00345   , -0.0      , 
-2.18695  , 0.0       , 158.18695 , 0.50336   , 51.49701  , 0.00027   , 0.00338   , -0.0      , 
-2.18695  , 0.0       , 158.18695 , 0.49934   , 51.50108  , 0.00027   , 0.00332   , -0.0      , 
-2.18695  , 0.0       , 158.18695 , 0.49535   , 51.50511  , 0.00026   , 0.00325   , -0.0      , 
-2.18695  , 0.0       , 158.18695 , 0.49139   , 51.5091   , 0.00025   , 0.00319   , -0.0      , 
-2.18695  , 0.0       , 158.18695 , 0.48746   , 51.51307  , 0.00025   , 0.00313   , -0.0      , 
-2.18695  , 0.0       , 158.18695 , 0.48357   , 51.517    , 0.00024   , 0.00307   , -0.0      , 
-2.18695  , 0.0       , 158.18695 , 0.4797    , 51.5209   , 0.00024   , 0.00301   , -0.0      , 
-2.18695  , 0.0       , 158.18695 , 0.47587   , 51.52476  , 0.00023   , 0.00295   , -0.0      , 
-2.18695  , 0.0       , 158.18695 , 0.47206   , 51.5286   , 0.00023   , 0.00289   , -0.0      , 
-2.18695  , 0.0       , 158.18695 , 0.46829   , 51.5324   , 0.00022   , 0.00284   , -0.0      , 
-2.18695  , 0.0       , 158.18695 , 0.46455   , 51.53617  , 0.00022   , 0.00278   , -0.0      , 
-2.18695  , 0.0       , 158.18695 , 0.46083   , 51.53992  , 0.00021   , 0.00273   , -0.0      , 
-2.18695  , 0.0       , 158.18695 , 0.45715   , 51.54363  , 0.00021   , 0.00267   , -0.0      , 
-2.18695  , 0.0       , 158.18695 , 0.4535    , 51.54731  , 0.0002    , 0.00262   , -0.0      , 
-2.18695  , 0.0       , 158.18695 , 0.44987   , 51.55096  , 0.0002    , 0.00257   , -0.0      , 
-2.18695  , 0.0       , 158.18695 , 0.44628   , 51.55458  , 0.00019   , 0.00252   , -0.0      , 
-2.18695  , 0.0       , 158.18695 , 0.44271   , 51.55818  , 0.00019   , 0.00247   , -0.0      , 
-2.18695  , 0.0       , 158.18695 , 0.43917   , 51.56174  , 0.00018   , 0.00242   , -0.0      , 
-2.18695  , 0.0       , 158.18695 , 0.43566   , 51.56527  , 0.00018   , 0.00238   , -0.0      , 
-2.18695  , 0.0       , 158.18695 , 0.43218   , 51.56878  , 0.00017   , 0.00233   , -0.0      , 
-2.18695  , 0.0       , 158.18695 , 0.42872   , 51.57225  , 0.00017   , 0.00229   , -0.0      , 
-2.18695  , 0.0       , 158.18695 , 0.42529   , 51.5757   , 0.00017   , 0.00224   , -0.0      , 
-2.18695  , 0.0       , 158.18695 , 0.42189   , 51.57912  , 0.00016   , 0.0022    , -0.0      , 
-2.18695  , 0.0       , 158.18695 , 0.41852   , 51.58251  , 0.00016   , 0.00216   , -0.0      , 
-2.18695  , 0.0       , 158.18695 , 0.41518   , 51.58588  , 0.00016   , 0.00211   , -0.0      , 
-2.18695  , 0.0       , 158.18695 , 0.41186   , 51.58922  , 0.00015   , 0.00207   , -0.0      , 
-2.18695  , 0.0       , 158.18695 , 0.40856   , 51.59253  , 0.00015   , 0.00203   , -0.0      , 
-2.18695  , 0.0       , 158.18695 , 0.4053    , 51.59581  , 0.00014   , 0.00199   , -0.0      , 
-2.18695  , 0.0       , 158.18695 , 0.40206   , 51.59906  , 0.00014   , 0.00195   , -0.0      , 
-2.18695  , 0.0       , 158.18695 , 0.39884   , 51.60229  , 0.00014   , 0.00192   , -0.0      , 
-2.18695  , 0.0       , 158.18695 , 0.39565   , 51.6055   , 0.00014   , 0.00188   , -0.0      , 
-2.18695  , 0.0       , 158.18695 , 0.39249   , 51.60868  , 0.00013   , 0.00184   , -0.0      , 
-2.18695  , 0.0       , 158.18695 , 0.38935   , 51.61183  , 0.00013   , 0.00181   , -0.0      , 
-2.18695  , 0.0       , 158.18695 , 0.38624   , 51.61495  , 0.00013   , 0.00177   , -0.0      , 
-2.18695  , 0.0       , 158.18695 , 0.38315   , 51.61805  , 0.00012   , 0.00174   , -0.0      , 
-2.18695  , 0.0       , 158.18695 , 0.38009   , 51.62113  , 0.00012   , 0.0017    , -0.0      , 
-2.18695  , 0.0       , 158.18695 , 0.37705   , 51.62418  , 0.00012   , 0.00167   , -0.0      , 
-2.18695  , 0.0       , 158.18695 , 0.37404   , 51.62721  , 0.00011   , 0.00164   , -0.0      , 
-2.18695  , 0.0       , 158.18695 , 0.37104   , 51.63021  , 0.00011   , 0.00161   , -0.0      , 
-2.18695  , 0.0       , 158.18695 , 0.36808   , 51.63318  , 0.00011   , 0.00157   , -0.0      , 
-2.18695  , 0.0       , 158.18695 , 0.36514   , 51.63614  , 0.00011   , 0.00154   , -0.0      , 
-2.18695  , 0.0       , 158.18695 , 0.36222   , 51.63906  , 0.0001    , 0.00151   , -0.0      , 
-2.18695  , 0.0       , 158.18695 , 0.35932   , 51.64197  , 0.0001    , 0.00148   , -0.0      , 
-2.18695  , 0.0       , 158.18695 , 0.35645   , 51.64485  , 0.0001    , 0.00146   , -0.0      , 
-2.18695  , 0.0       , 158.18695 , 0.3536    , 51.64771  , 0.0001    , 0.00143   , -0.0      , 
-2.18695  , 0.0       , 158.18695 , 0.35077   , 51.65054  , 0.0001    , 0.0014    , -0.0      , 
-2.18695  , 0.0       , 158.18695 , 0.34796   , 51.65335  , 9e-05     , 0.00137   , -0.0      , 
-2.18695  , 0.0       , 158.18695 , 0.34518   , 51.65614  , 9e-05     , 0.00135   , -0.0      , 
-2.18695  , 0.0       , 158.18695 , 0.34242   , 51.65891  , 9e-05     , 0.00132   , -0.0      , 
-2.18695  , 0.0       , 158.18695 , 0.33968   , 51.66165  , 9e-05     , 0.00129   , -0.0      , 
-2.18695  , 0.0       , 158.18695 , 0.33697   , 51.66438  , 8e-05     , 0.00127   , -0.0      , 
-2.18695  , 0.0       , 158.18695 , 0.33427   , 51.66707  , 8e-05     , 0.00124   , -0.0      , 
-2.18695  , 0.0       , 158.18695 , 0.3316    , 51.66975  , 8e-05     , 0.00122   , -0.0      , 
-2.18695  , 0.0       , 158.18695 , 0.32895   , 51.67241  , 8e-05     , 0.0012    , -0.0      , 
-2.18695  , 0.0       , 158.18695 , 0.32632   , 51.67504  , 8e-05     , 0.00117   , -0.0      , 
-2.18695  , 0.0       , 158.18695 , 0.32371   , 51.67766  , 8e-05     , 0.00115   , -0.0      , 
-2.18695  , 0.0       , 158.18695 , 0.32112   , 51.68025  , 7e-05     , 0.00113   , -0.0      , 
-2.18695  , 0.0       , 158.18695 , 0.31855   , 51.68282  , 7e-05     , 0.00111   , -0.0      , 
-2.18695  , 0.0       , 158.18695 , 0.31601   , 51.68537  , 7e-05     , 0.00108   , -0.0      , 
-2.18695  , 0.0       , 158.18695 , 0.31348   , 51.6879   , 7e-05     , 0.00106   , -0.0      , 
-2.18695  , 0.0       , 158.18695 , 0.31097   , 51.69041  , 7e-05     , 0.00104   , -0.0      , 
-2.18695  , 0.0       , 158.18695 , 0.30848   , 51.6929   , 7e-05     , 0.00102   , -0.0      , 
-2.18695  , 0.0       , 158.18695 , 0.30602   , 51.69537  , 6e-05     , 0.001     , -0.0      , 
-2.18695  , 0.0       , 158.18695 , 0.30357   , 51.69781  , 6e-05     , 0.00098   , -0.0      , 
-2.18695  , 0.0       , 158.18695 , 0.30114   , 51.70024  , 6e-05     , 0.00096   , -0.0      , 
-2.18695  , 0.0       , 158.18695 , 0.29873   , 51.70265  , 6e-05     , 0.00094   , -0.0      , 
-2.18695  , 0.0       , 158.18695 , 0.29635   , 51.70504  , 6e-05     , 0.00093   , -0.0      , 
-2.18695  , 0.0       , 158.18695 , 0.29398   , 51.70741  , 6e-05     , 0.00091   , -0.0      , 
-2.18695  , 0.0       , 158.18695 , 0.29163   , 51.70976  , 6e-05     , 0.00089   , -0.0      , 
-2.18695  , 0.0       , 158.18695 , 0.28929   , 51.71209  , 5e-05     , 0.00087   , -0.0      , 
-2.18695  , 0.0       , 158.18695 , 0.28698   , 51.71441  , 5e-05     , 0.00086   , -0.0      , 
-2.18695  , 0.0       , 158.18695 , 0.28468   , 51.7167   , 5e-05     , 0.00084   , -0.0      , 
-2.18695  , 0.0       , 158.18695 , 0.28241   , 51.71898  , 5e-05     , 0.00082   , -0.0      , 
-2.18695  , 0.0       , 158.18695 , 0.28015   , 51.72124  , 5e-05     , 0.00081   , -0.0      , 
-2.18695  , 0.0       , 158.18695 , 0.27791   , 51.72348  , 5e-05     , 0.00079   , -0.0      , 
-2.18695  , 0.0       , 158.18695 , 0.27569   , 51.7257   , 5e-05     , 0.00078   , -0.0      , 
-2.18695  , 0.0       , 158.18695 , 0.27348   , 51.7279   , 5e-05     , 0.00076   , -0.0      , 
-2.18695  , 0.0       , 158.18695 , 0.27129   , 51.73009  , 5e-05     , 0.00075   , -0.0      , 
-2.18695  , 0.0       , 158.18695 , 0.26912   , 51.73225  , 4e-05     , 0.00073   , -0.0      , 
-2.18695  , 0.0       , 158.18695 , 0.26697   , 51.7344   , 4e-05     , 0.00072   , -0.0      , 
-2.18695  , 0.0       , 158.18695 , 0.26484   , 51.73654  , 4e-05     , 0.0007    , -0.0      , 
-2.18695  , 0.0       , 158.18695 , 0.26272   , 51.73865  , 4e-05     , 0.00069   , -0.0      , 
-2.18695  , 0.0       , 158.18695 , 0.26062   , 51.74075  , 4e-05     , 0.00068   , -0.0      , 
-2.18695  , 0.0       , 158.18695 , 0.25853   , 51.74283  , 4e-05     , 0.00066   , -0.0      , 
-2.18695  , 0.0       , 158.18695 , 0.25647   , 51.7449   , 4e-05     , 0.00065   , -0.0      , 
-2.18695  , 0.0       , 158.18695 , 0.25441   , 51.74695  , 4e-05     , 0.00064   , -0.0      , 
-2.18695  , 0.0       , 158.18695 , 0.25238   , 51.74898  , 4e-05     , 0.00062   , -0.0      , 
-2.18695  , 0.0       , 158.18695 , 0.25036   , 51.75099  , 4e-05     , 0.00061   , -0.0      , 
-2.18695  , 0.0       , 158.18695 , 0.24836   , 51.75299  , 4e-05     , 0.0006    , -0.0      , 
-2.18695  , 0.0       , 158.18695 , 0.24637   , 51.75498  , 3e-05     , 0.00059   , -0.0      , 
-2.18695  , 0.0       , 158.18695 , 0.2444    , 51.75694  , 3e-05     , 0.00058   , -0.0      , 
-2.18695  , 0.0       , 158.18695 , 0.24245   , 51.75889  , 3e-05     , 0.00057   , -0.0      , 
-2.18695  , 0.0       , 158.18695 , 0.24051   , 51.76083  , 3e-05     , 0.00055   , -0.0      , 
-2.18695  , 0.0       , 158.18695 , 0.23858   , 51.76275  , 3e-05     , 0.00054   , -0.0      , 
-2.18695  , 0.0       , 158.18695 , 0.23668   , 51.76465  , 3e-05     , 0.00053   , -0.0      , 
-2.18695  , 0.0       , 158.18695 , 0.23478   , 51.76654  , 3e-05     , 0.00052   , -0.0      , 
-2.18695  , 0.0       , 158.18695 , 0.23291   , 51.76842  , 3e-05     , 0.00051   , -0.0      , 
-2.18695  , 0.0       , 158.18695 , 0.23104   , 51.77027  , 3e-05     , 0.0005    , -0.0      , 
-2.18695  , 0.0       , 158.18695 , 0.2292    , 51.77212  , 3e-05     , 0.00049   , -0.0      , 
-2.18695  , 0.0       , 158.18695 , 0.22736   , 51.77395  , 3e-05     , 0.00048   , -0.0      , 
-2.18695  , 0.0       , 158.18695 , 0.22554   , 51.77576  , 3e-05     , 0.00047   , -0.0      , 
-2.18695  , 0.0       , 158.18695 , 0.22374   , 51.77756  , 3e-05     , 0.00046   , -0.0      , 
-2.18695  , 0.0       , 158.18695 , 0.22195   , 51.77935  , 3e-05     , 0.00045   , -0.0      , 
-2.18695  , 0.0       , 158.18695 , 0.22017   , 51.78112  , 2e-05     , 0.00045   , -0.0      , 
-2.18695  , 0.0       , 158.18695 , 0.21841   , 51.78287  , 2e-05     , 0.00044   , -0.0      , 
-2.18695  , 0.0       , 158.18695 , 0.21667   , 51.78461  , 2e-05     , 0.00043   , -0.0      , 
-2.18695  , 0.0       , 158.18695 , 0.21493   , 51.78634  , 2e-05     , 0.00042   , -0.0      , 
-2.18695  , 0.0       , 158.18695 , 0.21321   , 51.78806  , 2e-05     , 0.00041   , -0.0      , 
-2.18695  , 0.0       , 158.18695 , 0.21151   , 51.78976  , 2e-05     , 0.0004    , -0.0      , 
-2.18695  , 0.0       , 158.18695 , 0.20982   , 51.79144  , 2e-05     , 0.0004    , -0.0      , 
-2.18695  , 0.0       , 158.18695 , 0.20814   , 51.79312  , 2e-05     , 0.00039   , -0.0      , 
-2.18695  , 0.0       , 158.18695 , 0.20647   , 51.79478  , 2e-05     , 0.00038   , -0.0      , 
-2.18695  , 0.0       , 158.18695 , 0.20482   , 51.79642  , 2e-05     , 0.00037   , -0.0      , 
-2.18695  , 0.0       , 158.18695 , 0.20318   , 51.79806  , 2e-05     , 0.00037   , -0.0      , 
-2.18695  , 0.0       , 158.18695 , 0.20156   , 51.79967  , 2e-05     , 0.00036   , -0.0      , 
-2.18695  , 0.0       , 158.18695 , 0.19995   , 51.80128  , 2e-05     , 0.00035   , -0.0      , 
-2.18695  , 0.0       , 158.18695 , 0.19835   , 51.80288  , 2e-05     , 0.00034   , -0.0      , 
-2.18695  , 0.0       , 158.18695 , 0.19676   , 51.80446  , 2e-05     , 0.00034   , -0.0      , 
-2.18695  , 0.0       , 158.18695 , 0.19519   , 51.80602  , 2e-05     , 0.00033   , -0.0      , 
-2.18695  , 0.0       , 158.18695 , 0.19363   , 51.80758  , 2e-05     , 0.00033   , -0.0      , 
-2.18695  , 0.0       , 158.18695 , 0.19208   , 51.80912  , 2e-05     , 0.00032   , -0.0      , 
-2.18695  , 0.0       , 158.18695 , 0.19054   , 51.81065  , 2e-05     , 0.00031   , -0.0      , 
-2.18695  , 0.0       , 158.18695 , 0.18902   , 51.81217  , 2e-05     , 0.00031   , -0.0      , 
-2.18695  , 0.0       , 158.18695 , 0.18751   , 51.81368  , 2e-05     , 0.0003    , -0.0      , 
-2.18695  , 0.0       , 158.18695 , 0.18601   , 51.81517  , 2e-05     , 0.00029   , -0.0      , 
-2.18695  , 0.0       , 158.18695 , 0.18452   , 51.81665  , 1e-05     , 0.00029   , -0.0      , 
-2.18695  , 0.0       , 158.18695 , 0.18304   , 51.81813  , 1e-05     , 0.00028   , -0.0      , 
-2.18695  , 0.0       , 158.18695 , 0.18158   , 51.81958  , 1e-05     , 0.00028   , -0.0      , 
-2.18695  , 0.0       , 158.18695 , 0.18013   , 51.82103  , 1e-05     , 0.00027   , -0.0      , 
-2.18695  , 0.0       , 158.18695 , 0.17868   , 51.82246  , 1e-05     , 0.00027   , -0.0      , 
-2.18695  , 0.0       , 158.18695 , 0.17726   , 51.82389  , 1e-05     , 0.00026   , -0.0      , 
-2.18695  , 0.0       , 158.18695 , 0.17584   , 51.8253   , 1e-05     , 0.00026   , -0.0      , 
-2.18695  , 0.0       , 158.18695 , 0.17443   , 51.8267   , 1e-05     , 0.00025   , -0.0      , 
-2.18695  , 0.0       , 158.18695 , 0.17304   , 51.82809  , 1e-05     , 0.00025   , -0.0      , 
-2.18695  , 0.0       , 158.18695 , 0.17165   , 51.82947  , 1e-05     , 0.00024   , -0.0      , 
-2.18695  , 0.0       , 158.18695 , 0.17028   , 51.83084  , 1e-05     , 0.00024   , -0.0      , 
-2.18695  , 0.0       , 158.18695 , 0.16892   , 51.83219  , 1e-05     , 0.00023   , -0.0      , 
-2.18695  , 0.0       , 158.18695 , 0.16757   , 51.83354  , 1e-05     , 0.00023   , -0.0      , 
-2.18695  , 0.0       , 158.18695 , 0.16623   , 51.83487  , 1e-05     , 0.00022   , -0.0      , 
-2.18695  , 0.0       , 158.18695 , 0.1649    , 51.83619  , 1e-05     , 0.00022   , -0.0      , 
-2.18695  , 0.0       , 158.18695 , 0.16358   , 51.83751  , 1e-05     , 0.00021   , -0.0      , 
-2.18695  , 0.0       , 158.18695 , 0.16227   , 51.83881  , 1e-05     , 0.00021   , -0.0      , 
-2.18695  , 0.0       , 158.18695 , 0.16097   , 51.8401   , 1e-05     , 0.00021   , -0.0      , 
-2.18695  , 0.0       , 158.18695 , 0.15968   , 51.84138  , 1e-05     , 0.0002    , -0.0      , 
-2.18695  , 0.0       , 158.18695 , 0.15841   , 51.84265  , 1e-05     , 0.0002    , -0.0      , 
-2.18695  , 0.0       , 158.18695 , 0.15714   , 51.84392  , 1e-05     , 0.00019   , -0.0      , 
-2.18695  , 0.0       , 158.18695 , 0.15588   , 51.84517  , 1e-05     , 0.00019   , -0.0      , 
-2.18695  , 0.0       , 158.18695 , 0.15463   , 51.84641  , 1e-05     , 0.00019   , -0.0      , 
-2.18695  , 0.0       , 158.18695 , 0.1534    , 51.84764  , 1e-05     , 0.00018   , -0.0      , 
-2.18695  , 0.0       , 158.18695 , 0.15217   , 51.84886  , 1e-05     , 0.00018   , -0.0      , 
-2.18695  , 0.0       , 158.18695 , 0.15095   , 51.85007  , 1e-05     , 0.00018   , -0.0      , 
-2.18695  , 0.0       , 158.18695 , 0.14975   , 51.85127  , 1e-05     , 0.00017   , -0.0      , 
-2.18695  , 0.0       , 158.18695 , 0.14855   , 51.85246  , 1e-05     , 0.00017   , -0.0      , 
-2.18695  , 0.0       , 158.18695 , 0.14736   , 51.85365  , 1e-05     , 0.00017   , -0.0      , 
-2.18695  , 0.0       , 158.18695 , 0.14618   , 51.85482  , 1e-05     , 0.00016   , -0.0      , 
-2.18695  , 0.0       , 158.18695 , 0.14501   , 51.85598  , 1e-05     , 0.00016   , -0.0      , 
-2.18695  , 0.0       , 158.18695 , 0.14385   , 51.85714  , 1e-05     , 0.00016   , -0.0      , 
-2.18695  , 0.0       , 158.18695 , 0.1427    , 51.85828  , 1e-05     , 0.00015   , -0.0      , 
-2.18695  , 0.0       , 158.18695 , 0.14156   , 51.85942  , 1e-05     , 0.00015   , -0.0      , 
-2.18695  , 0.0       , 158.18695 , 0.14043   , 51.86054  , 1e-05     , 0.00015   , -0.0      , 
-2.18695  , 0.0       , 158.18695 , 0.1393    , 51.86166  , 1e-05     , 0.00014   , -0.0      , 
-2.18695  , 0.0       , 158.18695 , 0.13819   , 51.86277  , 1e-05     , 0.00014   , -0.0      , 
-2.18695  , 0.0       , 158.18695 , 0.13708   , 51.86387  , 1e-05     , 0.00014   , -0.0      , 
-2.18695  , 0.0       , 158.18695 , 0.13599   , 51.86496  , 1e-05     , 0.00014   , -0.0      , 
-2.18695  , 0.0       , 158.18695 , 0.1349    , 51.86604  , 1e-05     , 0.00013   , -0.0      , 
-2.18695  , 0.0       , 158.18695 , 0.13382   , 51.86711  , 1e-05     , 0.00013   , -0.0      , 
-2.18695  , 0.0       , 158.18695 , 0.13275   , 51.86818  , 1e-05     , 0.00013   , -0.0      , 
-2.18695  , 0.0       , 158.18695 , 0.13169   , 51.86923  , 1e-05     , 0.00013   , -0.0      , 
-2.18695  , 0.0       , 158.18695 , 0.13063   , 51.87028  , 1e-05     , 0.00012   , -0.0      , 
-2.18695  , 0.0       , 158.18695 , 0.12959   , 51.87132  , 1e-05     , 0.00012   , -0.0      , 
-2.18695  , 0.0       , 158.18695 , 0.12855   , 51.87235  , 1e-05     , 0.00012   , -0.0      , 
-2.18695  , 0.0       , 158.18695 , 0.12752   , 51.87337  , 1e-05     , 0.00012   , -0.0      , 
-2.18695  , 0.0       , 158.18695 , 0.1265    , 51.87439  , 0.0       , 0.00011   , -0.0      , 
-2.18695  , 0.0       , 158.18695 , 0.12549   , 51.8754   , 0.0       , 0.00011   , -0.0      , 
-2.18695  , 0.0       , 158.18695 , 0.12449   , 51.87639  , 0.0       , 0.00011   , -0.0      , 
-2.18695  , 0.0       , 158.18695 , 0.12349   , 51.87738  , 0.0       , 0.00011   , -0.0      , 
-2.18695  , 0.0       , 158.18695 , 0.1225    , 51.87837  , 0.0       , 0.00011   , -0.0      , 
-2.18695  , 0.0       , 158.18695 , 0.12152   , 51.87934  , 0.0       , 0.0001    , -0.0      , 
-2.18695  , 0.0       , 158.18695 , 0.12055   , 51.88031  , 0.0       , 0.0001    , -0.0      , 
-2.18695  , 0.0       , 158.18695 , 0.11959   , 51.88127  , 0.0       , 0.0001    , -0.0      , 
-2.18695  , 0.0       , 158.18695 , 0.11863   , 51.88222  , 0.0       , 0.0001    , -0.0      , 
-2.18695  , 0.0       , 158.18695 , 0.11768   , 51.88316  , 0.0       , 0.0001    , -0.0      , 
-2.18695  , 0.0       , 158.18695 , 0.11674   , 51.8841   , 0.0       , 9e-05     , -0.0      , 
-2.18695  , 0.0       , 158.18695 , 0.11581   , 51.88502  , 0.0       , 9e-05     , -0.0      , 
-2.18695  , 0.0       , 158.18695 , 0.11488   , 51.88594  , 0.0       , 9e-05     , -0.0      , 
-2.18695  , 0.0       , 158.18695 , 0.11396   , 51.88686  , 0.0       , 9e-05     , -0.0      , 
-2.18695  , 0.0       , 158.18695 , 0.11305   , 51.88776  , 0.0       , 9e-05     , -0.0      , 
-2.18695  , 0.0       , 158.18695 , 0.11215   , 51.88866  , 0.0       , 8e-05     , -0.0      , 
-2.18695  , 0.0       , 158.18695 , 0.11125   , 51.88956  , 0.0       , 8e-05     , -0.0      , 
-2.18695  , 0.0       , 158.18695 , 0.11036   , 51.89044  , 0.0       , 8e-05     , -0.0      , 
-2.18695  , 0.0       , 158.18695 , 0.10948   , 51.89132  , 0.0       , 8e-05     , -0.0      , 
-2.18695  , 0.0       , 158.18695 , 0.1086    , 51.89219  , 0.0       , 8e-05     , -0.0      , 
-2.18695  , 0.0       , 158.18695 , 0.10773   , 51.89305  , 0.0       , 8e-05     , -0.0      , 
-2.18695  , 0.0       , 158.18695 , 0.10687   , 51.89391  , 0.0       , 7e-05     , -0.0      , 
-2.18695  , 0.0       , 158.18695 , 0.10601   , 51.89476  , 0.0       , 7e-05     , -0.0      , 
-2.18695  , 0.0       , 158.18695 , 0.10517   , 51.8956   , 0.0       , 7e-05     , -0.0      , 
-2.18695  , 0.0       , 158.18695 , 0.10433   , 51.89644  , 0.0       , 7e-05     , -0.0      , 
-2.18695  , 0.0       , 158.18695 , 0.10349   , 51.89727  , 0.0       , 7e-05     , -0.0      , 
-2.18695  , 0.0       , 158.18695 , 0.10266   , 51.89809  , 0.0       , 7e-05     , -0.0      , 
-2.18695  , 0.0       , 158.18695 , 0.10184   , 51.8989   , 0.0       , 7e-05     , -0.0      , 
-2.18695  , 0.0       , 158.18695 , 0.10103   , 51.89971  , 0.0       , 7e-05     , -0.0      , 
-2.18695  , 0.0       , 158.18695 , 0.10022   , 51.90052  , 0.0       , 6e-05     , -0.0      , 
-2.18695  , 0.0       , 158.18695 , 0.09942   , 51.90131  , 0.0       , 6e-05     , -0.0      , 
-2.18695  , 0.0       , 158.18695 , 0.09862   , 51.9021   , 0.0       , 6e-05     , -0.0      , 
-2.18695  , 0.0       , 158.18695 , 0.09783   , 51.90289  , 0.0       , 6e-05     , -0.0      , 
-2.18695  , 0.0       , 158.18695 , 0.09705   , 51.90366  , 0.0       , 6e-05     , -0.0      , 
-2.18695  , 0.0       , 158.18695 , 0.09627   , 51.90444  , 0.0       , 6e-05     , -0.0      , 
-2.18695  , 0.0       , 158.18695 , 0.0955    , 51.9052   , 0.0       , 6e-05     , -0.0      , 
-2.18695  , 0.0       , 158.18695 , 0.09474   , 51.90596  , 0.0       , 6e-05     , -0.0      , 
-2.18695  , 0.0       , 158.18695 , 0.09398   , 51.90671  , 0.0       , 5e-05     , -0.0      , 
-2.18695  , 0.0       , 158.18695 , 0.09323   , 51.90746  , 0.0       , 5e-05     , -0.0      , 
-2.18695  , 0.0       , 158.18695 , 0.09248   , 51.9082   , 0.0       , 5e-05     , -0.0      , 
-2.18695  , 0.0       , 158.18695 , 0.09174   , 51.90894  , 0.0       , 5e-05     , -0.0      , 
-2.18695  , 0.0       , 158.18695 , 0.09101   , 51.90967  , 0.0       , 5e-05     , -0.0      , 
-2.18695  , 0.0       , 158.18695 , 0.09028   , 51.91039  , 0.0       , 5e-05     , -0.0      , 
-2.18695  , 0.0       , 158.18695 , 0.08956   , 51.91111  , 0.0       , 5e-05     , -0.0      , 
-2.18695  , 0.0       , 158.18695 , 0.08884   , 51.91182  , 0.0       , 5e-05     , -0.0      , 
-2.18695  , 0.0       , 158.18695 , 0.08813   , 51.91252  , 0.0       , 5e-05     , -0.0      , 
-2.18695  , 0.0       , 158.18695 , 0.08743   , 51.91322  , 0.0       , 5e-05     , -0.0      , 
-2.18695  , 0.0       , 158.18695 , 0.08673   , 51.91392  , 0.0       , 4e-05     , -0.0      , 
-2.18695  , 0.0       , 158.18695 , 0.08603   , 51.91461  , 0.0       , 4e-05     , -0.0      , 
-2.18695  , 0.0       , 158.18695 , 0.08535   , 51.91529  , 0.0       , 4e-05     , -0.0      , 
-2.18695  , 0.0       , 158.18695 , 0.08466   , 51.91597  , 0.0       , 4e-05     , -0.0      , 
-2.18695  , 0.0       , 158.18695 , 0.08399   , 51.91664  , 0.0       , 4e-05     , -0.0      , 
-2.18695  , 0.0       , 158.18695 , 0.08331   , 51.91731  , 0.0       , 4e-05     , -0.0      , 
-2.18695  , 0.0       , 158.18695 , 0.08265   , 51.91797  , 0.0       , 4e-05     , -0.0      , 
-2.18695  , 0.0       , 158.18695 , 0.08199   , 51.91863  , 0.0       , 4e-05     , -0.0      , 
-2.18695  , 0.0       , 158.18695 , 0.08133   , 51.91928  , 0.0       , 4e-05     , -0.0      , 
-2.18695  , 0.0       , 158.18695 , 0.08068   , 51.91993  , 0.0       , 4e-05     , -0.0      , 
-2.18695  , 0.0       , 158.18695 , 0.08004   , 51.92057  , 0.0       , 4e-05     , -0.0      , 
-2.18695  , 0.0       , 158.18695 , 0.07939   , 51.9212   , 0.0       , 4e-05     , -0.0      , 
-2.18695  , 0.0       , 158.18695 , 0.07876   , 51.92183  , 0.0       , 4e-05     , -0.0      , 
-2.18695  , 0.0       , 158.18695 , 0.07813   , 51.92246  , 0.0       , 3e-05     , -0.0      , 
-2.18695  , 0.0       , 158.18695 , 0.0775    , 51.92308  , 0.0       , 3e-05     , -0.0      , 
-2.18695  , 0.0       , 158.18695 , 0.07688   , 51.9237   , 0.0       , 3e-05     , -0.0      , 
-2.18695  , 0.0       , 158.18695 , 0.07627   , 51.92431  , 0.0       , 3e-05     , -0.0      , 
-2.18695  , 0.0       , 158.18695 , 0.07566   , 51.92491  , 0.0       , 3e-05     , -0.0      , 
-2.18695  , 0.0       , 158.18695 , 0.07505   , 51.92551  , 0.0       , 3e-05     , -0.0      , 
-2.18695  , 0.0       , 158.18695 , 0.07445   , 51.92611  , 0.0       , 3e-05     , -0.0      , 
-2.18695  , 0.0       , 158.18695 , 0.07386   , 51.9267   , 0.0       , 3e-05     , -0.0      , 
-2.18695  , 0.0       , 158.18695 , 0.07327   , 51.92729  , 0.0       , 3e-05     , -0.0      , 
-2.18695  , 0.0       , 158.18695 , 0.07268   , 51.92787  , 0.0       , 3e-05     , -0.0      , 
-2.18695  , 0.0       , 158.18695 , 0.0721    , 51.92845  , 0.0       , 3e-05     , -0.0      , 
-2.18695  , 0.0       , 158.18695 , 0.07152   , 51.92902  , 0.0       , 3e-05     , -0.0      , 
-2.18695  , 0.0       , 158.18695 , 0.07095   , 51.92959  , 0.0       , 3e-05     , -0.0      , 
-2.18695  , 0.0       , 158.18695 , 0.07038   , 51.93015  , 0.0       , 3e-05     , -0.0      , 
-2.18695  , 0.0       , 158.18695 , 0.06982   , 51.93071  , 0.0       , 3e-05     , -0.0      , 
-2.18695  , 0.0       , 158.18695 , 0.06926   , 51.93127  , 0.0       , 3e-05     , -0.0      , 
-2.18695  , 0.0       , 158.18695 , 0.06871   , 51.93182  , 0.0       , 3e-05     , -0.0      , 
-2.18695  , 0.0       , 158.18695 , 0.06816   , 51.93236  , 0.0       , 2e-05     , -0.0      , 
-2.18695  , 0.0       , 158.18695 , 0.06761   , 51.9329   , 0.0       , 2e-05     , -0.0      , 
-2.18695  , 0.0       , 158.18695 , 0.06707   , 51.93344  , 0.0       , 2e-05     , -0.0      , 
-2.18695  , 0.0       , 158.18695 , 0.06654   , 51.93397  , 0.0       , 2e-05     , -0.0      , 
-2.18695  , 0.0       , 158.18695 , 0.066     , 51.9345   , 0.0       , 2e-05     , -0.0      , 
-2.18695  , 0.0       , 158.18695 , 0.06547   , 51.93503  , 0.0       , 2e-05     , -0.0      , 
-2.18695  , 0.0       , 158.18695 , 0.06495   , 51.93555  , 0.0       , 2e-05     , -0.0      , 
-2.18695  , 0.0       , 158.18695 , 0.06443   , 51.93606  , 0.0       , 2e-05     , -0.0      , 
-2.18695  , 0.0       , 158.18695 , 0.06392   , 51.93657  , 0.0       , 2e-05     , -0.0      , 
-2.18695  , 0.0       , 158.18695 , 0.0634    , 51.93708  , 0.0       , 2e-05     , -0.0      , 
-2.18695  , 0.0       , 158.18695 , 0.0629    , 51.93758  , 0.0       , 2e-05     , -0.0      , 
-2.18695  , 0.0       , 158.18695 , 0.06239   , 51.93808  , 0.0       , 2e-05     , -0.0      , 
-2.18695  , 0.0       , 158.18695 , 0.0619    , 51.93858  , 0.0       , 2e-05     , -0.0      , 
-2.18695  , 0.0       , 158.18695 , 0.0614    , 51.93907  , 0.0       , 2e-05     , -0.0      , 
-2.18695  , 0.0       , 158.18695 , 0.06091   , 51.93956  , 0.0       , 2e-05     , -0.0      , 
-2.18695  , 0.0       , 158.18695 , 0.06042   , 51.94004  , 0.0       , 2e-05     , -0.0      , 
-2.18695  , 0.0       , 158.18695 , 0.05994   , 51.94052  , 0.0       , 2e-05     , -0.0      , 
-2.18695  , 0.0       , 158.18695 , 0.05946   , 51.941    , 0.0       , 2e-05     , -0.0      , 
-2.18695  , 0.0       , 158.18695 , 0.05898   , 51.94147  , 0.0       , 2e-05     , -0.0      , 
-2.18695  , 0.0       , 158.18695 , 0.05851   , 51.94194  , 0.0       , 2e-05     , -0.0      , 
-2.18695  , 0.0       , 158.18695 , 0.05804   , 51.9424   , 0.0       , 2e-05     , -0.0      , 
-2.18695  , 0.0       , 158.18695 , 0.05758   , 51.94287  , 0.0       , 2e-05     , -0.0      , 
-2.18695  , 0.0       , 158.18695 , 0.05712   , 51.94332  , 0.0       , 2e-05     , -0.0      , 
-2.18695  , 0.0       , 158.18695 , 0.05666   , 51.94378  , 0.0       , 2e-05     , -0.0      , 
-2.18695  , 0.0       , 158.18695 , 0.05621   , 51.94423  , 0.0       , 2e-05     , -0.0      , 
-2.18695  , 0.0       , 158.18695 , 0.05576   , 51.94467  , 0.0       , 1e-05     , -0.0      , 
-2.18695  , 0.0       , 158.18695 , 0.05531   , 51.94512  , 0.0       , 1e-05     , -0.0      , 
-2.18695  , 0.0       , 158.18695 , 0.05487   , 51.94555  , 0.0       , 1e-05     , -0.0      , 
-2.18695  , 0.0       , 158.18695 , 0.05443   , 51.94599  , 0.0       , 1e-05     , -0.0      , 
-2.18695  , 0.0       , 158.18695 , 0.054     , 51.94642  , 0.0       , 1e-05     , -0.0      , 
-2.18695  , 0.0       , 158.18695 , 0.05356   , 51.94685  , 0.0       , 1e-05     , -0.0      , 
-2.18695  , 0.0       , 158.18695 , 0.05313   , 51.94728  , 0.0       , 1e-05     , -0.0      , 
-2.18695  , 0.0       , 158.18695 , 0.05271   , 51.9477   , 0.0       , 1e-05     , -0.0      , 
-2.18695  , 0.0       , 158.18695 , 0.05229   , 51.94812  , 0.0       , 1e-05     , -0.0      , 
-2.18695  , 0.0       , 158.18695 , 0.05187   , 51.94853  , 0.0       , 1e-05     , -0.0      , 
-2.18695  , 0.0       , 158.18695 , 0.05145   , 51.94894  , 0.0       , 1e-05     , -0.0      , 
-2.18695  , 0.0       , 158.18695 , 0.05104   , 51.94935  , 0.0       , 1e-05     , -0.0      , 
-2.18695  , 0.0       , 158.18695 , 0.05063   , 51.94976  , 0.0       , 1e-05     , -0.0      , 
-2.18695  , 0.0       , 158.18695 , 0.05023   , 51.95016  , 0.0       , 1e-05     , -0.0      , 
-2.18695  , 0.0       , 158.18695 , 0.04983   , 51.95056  , 0.0       , 1e-05     , -0.0      , 
-2.18695  , 0.0       , 158.18695 , 0.04943   , 51.95095  , 0.0       , 1e-05     , -0.0      , 
-2.18695  , 0.0       , 158.18695 , 0.04903   , 51.95135  , 0.0       , 1e-05     , -0.0      , 
-2.18695  , 0.0       , 158.18695 , 0.04864   , 51.95174  , 0.0       , 1e-05     , -0.0      , 
-2.18695  , 0.0       , 158.18695 , 0.04825   , 51.95212  , 0.0       , 1e-05     , -0.0      , 
-2.18695  , 0.0       , 158.18695 , 0.04787   , 51.95251  , 0.0       , 1e-05     , -0.0      , 
-2.18695  , 0.0       , 158.18695 , 0.04748   , 51.95289  , 0.0       , 1e-05     , -0.0      , 
-2.18695  , 0.0       , 158.18695 , 0.0471    , 51.95326  , 0.0       , 1e-05     , -0.0      , 
-2.18695  , 0.0       , 158.18695 , 0.04673   , 51.95364  , 0.0       , 1e-05     , -0.0      , 
-2.18695  , 0.0       , 158.18695 , 0.04635   , 51.95401  , 0.0       , 1e-05     , -0.0      , 
-2.18695  , 0.0       , 158.18695 , 0.04598   , 51.95438  , 0.0       , 1e-05     , -0.0      , 
-2.18695  , 0.0       , 158.18695 , 0.04561   , 51.95474  , 0.0       , 1e-05     , -0.0      , 
-2.18695  , 0.0       , 158.18695 , 0.04525   , 51.9551   , 0.0       , 1e-05     , -0.0      , 
-2.18695  , 0.0       , 158.18695 , 0.04489   , 51.95546  , 0.0       , 1e-05     , -0.0      , 
-2.18695  , 0.0       , 158.18695 , 0.04453   , 51.95582  , 0.0       , 1e-05     , -0.0      , 
-2.18695  , 0.0       , 158.18695 , 0.04417   , 51.95617  , 0.0       , 1e-05     , -0.0      , 
-2.18695  , 0.0       , 158.18695 , 0.04382   , 51.95652  , 0.0       , 1e-05     , -0.0      , 
-2.18695  , 0.0       , 158.18695 , 0.04347   , 51.95687  , 0.0       , 1e-05     , -0.0      , 
-2.18695  , 0.0       , 158.18695 , 0.04312   , 51.95722  , 0.0       , 1e-05     , -0.0      , 
-2.18695  , 0.0       , 158.18695 , 0.04278   , 51.95756  , 0.0       , 1e-05     , -0.0      , 
-2.18695  , 0.0       , 158.18695 , 0.04243   , 51.9579   , 0.0       , 1e-05     , -0.0      , 
-2.18695  , 0.0       , 158.18695 , 0.04209   , 51.95824  , 0.0       , 1e-05     , -0.0      , 
-2.18695  , 0.0       , 158.18695 , 0.04176   , 51.95857  , 0.0       , 1e-05     , -0.0      , 
-2.18695  , 0.0       , 158.18695 , 0.04142   , 51.9589   , 0.0       , 1e-05     , -0.0      , 
-2.18695  , 0.0       , 158.18695 , 0.04109   , 51.95923  , 0.0       , 1e-05     , -0.0      , 
-2.18695  , 0.0       , 158.18695 , 0.04076   , 51.95956  , 0.0       , 1e-05     , -0.0      , 
-2.18695  , 0.0       , 158.18695 , 0.04044   , 51.95988  , 0.0       , 1e-05     , -0.0      , 
-2.18695  , 0.0       , 158.18695 , 0.04011   , 51.9602   , 0.0       , 1e-05     , -0.0      , 
-2.18695  , 0.0       , 158.18695 , 0.03979   , 51.96052  , 0.0       , 1e-05     , -0.0      , 
-2.18695  , 0.0       , 158.18695 , 0.03947   , 51.96084  , 0.0       , 1e-05     , -0.0      , 
-2.18695  , 0.0       , 158.18695 , 0.03916   , 51.96115  , 0.0       , 1e-05     , -0.0      , 
-2.18695  , 0.0       , 158.18695 , 0.03885   , 51.96146  , 0.0       , 1e-05     , -0.0      , 
-2.18695  , 0.0       , 158.18695 , 0.03853   , 51.96177  , 0.0       , 1e-05     , -0.0      , 
-2.18695  , 0.0       , 158.18695 , 0.03823   , 51.96207  , 0.0       , 1e-05     , -0.0      , 
-2.18695  , 0.0       , 158.18695 , 0.03792   , 51.96238  , 0.0       , 1e-05     , -0.0      , 
-2.18695  , 0.0       , 158.18695 , 0.03762   , 51.96268  , 0.0       , 1e-05     , -0.0      , 
-2.18695  , 0.0       , 158.18695 , 0.03732   , 51.96298  , 0.0       , 1e-05     , -0.0      , 
-2.18695  , 0.0       , 158.18695 , 0.03702   , 51.96327  , 0.0       , 1e-05     , -0.0      , 
-2.18695  , 0.0       , 158.18695 , 0.03672   , 51.96357  , 0.0       , 1e-05     , -0.0      , 
-2.18695  , 0.0       , 158.18695 , 0.03643   , 51.96386  , 0.0       , 1e-05     , -0.0      , 
-2.18695  , 0.0       , 158.18695 , 0.03614   , 51.96415  , 0.0       , 1e-05     , -0.0      , 
-2.18695  , 0.0       , 158.18695 , 0.03585   , 51.96443  , 0.0       , 0.0       , -0.0      , 
-2.18695  , 0.0       , 158.18695 , 0.03556   , 51.96472  , 0.0       , 0.0       , -0.0      , 
-2.18695  , 0.0       , 158.18695 , 0.03528   , 51.965    , 0.0       , 0.0       , -0.0      , 
-2.18695  , 0.0       , 158.18695 , 0.03499   , 51.96528  , 0.0       , 0.0       , -0.0      , 
-2.18695  , 0.0       , 158.18695 , 0.03471   , 51.96556  , 0.0       , 0.0       , -0.0      , 
-2.18695  , 0.0       , 158.18695 , 0.03444   , 51.96583  , 0.0       , 0.0       , -0.0      , 
-2.18695  , 0.0       , 158.18695 , 0.03416   , 51.96611  , 0.0       , 0.0       , -0.0      , 
-2.18695  , 0.0       , 158.18695 , 0.03389   , 51.96638  , 0.0       , 0.0       , -0.0      , 
-2.18695  , 0.0       , 158.18695 , 0.03362   , 51.96665  , 0.0       , 0.0       , -0.0      , 
-2.18695  , 0.0       , 158.18695 , 0.03335   , 51.96692  , 0.0       , 0.0       , -0.0      , 
-2.18695  , 0.0       , 158.18695 , 0.03308   , 51.96718  , 0.0       , 0.0       , -0.0      , 
-2.18695  , 0.0       , 158.18695 , 0.03282   , 51.96744  , 0.0       , 0.0       , -0.0      , 
-2.18695  , 0.0       , 158.18695 , 0.03255   , 51.9677   , 0.0       , 0.0       , -0.0      , 
-2.18695  , 0.0       , 158.18695 , 0.03229   , 51.96796  , 0.0       , 0.0       , -0.0      , 
-2.18695  , 0.0       , 158.18695 , 0.03203   , 51.96822  , 0.0       , 0.0       , -0.0      , 
-2.18695  , 0.0       , 158.18695 , 0.03178   , 51.96847  , 0.0       , 0.0       , -0.0      , 
-2.18695  , 0.0       , 158.18695 , 0.03152   , 51.96872  , 0.0       , 0.0       , -0.0      , 
-2.18695  , 0.0       , 158.18695 , 0.03127   , 51.96897  , 0.0       , 0.0       , -0.0      , 
-2.18695  , 0.0       , 158.18695 , 0.03102   , 51.96922  , 0.0       , 0.0       , -0.0      , 
-2.18695  , 0.0       , 158.18695 , 0.03077   , 51.96947  , 0.0       , 0.0       , -0.0      , 
-2.18695  , 0.0       , 158.18695 , 0.03053   , 51.96971  , 0.0       , 0.0       , -0.0      , 
-2.18695  , 0.0       , 158.18695 , 0.03028   , 51.96996  , 0.0       , 0.0       , -0.0      , 
-2.18695  , 0.0       , 158.18695 , 0.03004   , 51.9702   , 0.0       , 0.0       , -0.0      , 
-2.18695  , 0.0       , 158.18695 , 0.0298    , 51.97043  , 0.0       , 0.0       , -0.0      , 
-2.18695  , 0.0       , 158.18695 , 0.02956   , 51.97067  , 0.0       , 0.0       , -0.0      , 
-2.18695  , 0.0       , 158.18695 , 0.02933   , 51.97091  , 0.0       , 0.0       , -0.0      , 
-2.18695  , 0.0       , 158.18695 , 0.02909   , 51.97114  , 0.0       , 0.0       , -0.0      , 
-2.18695  , 0.0       , 158.18695 , 0.02886   , 51.97137  , 0.0       , 0.0       , -0.0      , 
-2.18695  , 0.0       , 158.18695 , 0.02863   , 51.9716   , 0.0       , 0.0       , -0.0      , 
-2.18695  , 0.0       , 158.18695 , 0.0284    , 51.97183  , 0.0       , 0.0       , -0.0      , 
-2.18695  , 0.0       , 158.18695 , 0.02817   , 51.97205  , 0.0       , 0.0       , -0.0      , 
-2.18695  , 0.0       , 158.18695 , 0.02795   , 51.97228  , 0.0       , 0.0       , -0.0      , 
-2.18695  , 0.0       , 158.18695 , 0.02772   , 51.9725   , 0.0       , 0.0       , -0.0      , 
-2.18695  , 0.0       , 158.18695 , 0.0275    , 51.97272  , 0.0       , 0.0       , -0.0      , 
-2.18695  , 0.0       , 158.18695 , 0.02728   , 51.97294  , 0.0       , 0.0       , -0.0      , 
-2.18695  , 0.0       , 158.18695 , 0.02706   , 51.97315  , 0.0       , 0.0       , -0.0      , 
-2.18695  , 0.0       , 158.18695 , 0.02685   , 51.97337  , 0.0       , 0.0       , -0.0      , 
-2.18695  , 0.0       , 158.18695 , 0.02663   , 51.97358  , 0.0       , 0.0       , -0.0      , 
-2.18695  , 0.0       , 158.18695 , 0.02642   , 51.97379  , 0.0       , 0.0       , -0.0      , 
-2.18695  , 0.0       , 158.18695 , 0.02621   , 51.974    , 0.0       , 0.0       , -0.0      , 
-2.18695  , 0.0       , 158.18695 , 0.026     , 51.97421  , 0.0       , 0.0       , -0.0      , 
-2.18695  , 0.0       , 158.18695 , 0.02579   , 51.97442  , 0.0       , 0.0       , -0.0      , 
-2.18695  , 0.0       , 158.18695 , 0.02558   , 51.97462  , 0.0       , 0.0       , -0.0      , 
-2.18695  , 0.0       , 158.18695 , 0.02538   , 51.97482  , 0.0       , 0.0       , -0.0      , 
-2.18695  , 0.0       , 158.18695 , 0.02517   , 51.97502  , 0.0       , 0.0       , -0.0      , 
-2.18695  , 0.0       , 158.18695 , 0.02497   , 51.97522  , 0.0       , 0.0       , -0.0      , 
-2.18695  , 0.0       , 158.18695 , 0.02477   , 51.97542  , 0.0       , 0.0       , -0.0      , 
-2.18695  , 0.0       , 158.18695 , 0.02458   , 51.97562  , 0.0       , 0.0       , -0.0      , 
-2.18695  , 0.0       , 158.18695 , 0.02438   , 51.97581  , 0.0       , 0.0       , -0.0      , 
-2.18695  , 0.0       , 158.18695 , 0.02418   , 51.97601  , 0.0       , 0.0       , -0.0      , 
-2.18695  , 0.0       , 158.18695 , 0.02399   , 51.9762   , 0.0       , 0.0       , -0.0      , 
-2.18695  , 0.0       , 158.18695 , 0.0238    , 51.97639  , 0.0       , 0.0       , -0.0      , 
-2.18695  , 0.0       , 158.18695 , 0.02361   , 51.97658  , 0.0       , 0.0       , -0.0      , 
-2.18695  , 0.0       , 158.18695 , 0.02342   , 51.97677  , 0.0       , 0.0       , -0.0      , 
-2.18695  , 0.0       , 158.18695 , 0.02323   , 51.97695  , 0.0       , 0.0       , -0.0      , 
-2.18695  , 0.0       , 158.18695 , 0.02305   , 51.97714  , 0.0       , 0.0       , -0.0      , 
-2.18695  , 0.0       , 158.18695 , 0.02286   , 51.97732  , 0.0       , 0.0       , -0.0      , 
-2.18695  , 0.0       , 158.18695 , 0.02268   , 51.9775   , 0.0       , 0.0       , -0.0      , 
-2.18695  , 0.0       , 158.18695 , 0.0225    , 51.97768  , 0.0       , 0.0       , -0.0      , 
-2.18695  , 0.0       , 158.18695 , 0.02232   , 51.97786  , 0.0       , 0.0       , -0.0      , 
-2.18695  , 0.0       , 158.18695 , 0.02214   , 51.97804  , 0.0       , 0.0       , -0.0      , 
-2.18695  , 0.0       , 158.18695 , 0.02196   , 51.97821  , 0.0       , 0.0       , -0.0      , 
-2.18695  , 0.0       , 158.18695 , 0.02179   , 51.97839  , 0.0       , 0.0       , -0.0      , 
-2.18695  , 0.0       , 158.18695 , 0.02161   , 51.97856  , 0.0       , 0.0       , -0.0      , 
-2.18695  , 0.0       , 158.18695 , 0.02144   , 51.97873  , 0.0       , 0.0       , -0.0      , 
-2.18695  , 0.0       , 158.18695 , 0.02127   , 51.9789   , 0.0       , 0.0       , -0.0      , 
-2.18695  , 0.0       , 158.18695 , 0.0211    , 51.97907  , 0.0       , 0.0       , -0.0      , 
-2.18695  , 0.0       , 158.18695 , 0.02093   , 51.97924  , 0.0       , 0.0       , -0.0      , 
-2.18695  , 0.0       , 158.18695 , 0.02076   , 51.9794   , 0.0       , 0.0       , -0.0      , 
-2.18695  , 0.0       , 158.18695 , 0.02059   , 51.97957  , 0.0       , 0.0       , -0.0      , 
-2.18695  , 0.0       , 158.18695 , 0.02043   , 51.97973  , 0.0       , 0.0       , -0.0      , 
-2.18695  , 0.0       , 158.18695 , 0.02027   , 51.97989  , 0.0       , 0.0       , -0.0      , 
-2.18695  , 0.0       , 158.18695 , 0.0201    , 51.98006  , 0.0       , 0.0       , -0.0      , 
-2.18695  , 0.0       , 158.18695 , 0.01994   , 51.98021  , 0.0       , 0.0       , -0.0      , 
-2.18695  , 0.0       , 158.18695 , 0.01978   , 51.98037  , 0.0       , 0.0       , -0.0      , 
-2.18695  , 0.0       , 158.18695 , 0.01963   , 51.98053  , 0.0       , 0.0       , -0.0      , 
-2.18695  , 0.0       , 158.18695 , 0.01947   , 51.98069  , 0.0       , 0.0       , -0.0      , 
-2.18695  , 0.0       , 158.18695 , 0.01931   , 51.98084  , 0.0       , 0.0       , -0.0      , 
-2.18695  , 0.0       , 158.18695 , 0.01916   , 51.98099  , 0.0       , 0.0       , -0.0      , 
-2.18695  , 0.0       , 158.18695 , 0.01901   , 51.98115  , 0.0       , 0.0       , -0.0      , 
-2.18695  , 0.0       , 158.18695 , 0.01885   , 51.9813   , 0.0       , 0.0       , -0.0      , 
-2.18695  , 0.0       , 158.18695 , 0.0187    , 51.98145  , 0.0       , 0.0       , -0.0      , 
-2.18695  , 0.0       , 158.18695 , 0.01855   , 51.98159  , 0.0       , 0.0       , -0.0      , 
-2.18695  , 0.0       , 158.18695 , 0.0184    , 51.98174  , 0.0       , 0.0       , -0.0      , 
-2.18695  , 0.0       , 158.18695 , 0.01826   , 51.98189  , 0.0       , 0.0       , -0.0      , 
-2.18695  , 0.0       , 158.18695 , 0.01811   , 51.98203  , 0.0       , 0.0       , -0.0      , 
-2.18695  , 0.0       , 158.18695 , 0.01797   , 51.98218  , 0.0       , 0.0       , -0.0      , 
-2.18695  , 0.0       , 158.18695 , 0.01782   , 51.98232  , 0.0       , 0.0       , -0.0      , 
-2.18695  , 0.0       , 158.18695 , 0.01768   , 51.98246  , 0.0       , 0.0       , -0.0      , 
-2.18695  , 0.0       , 158.18695 , 0.01754   , 51.9826   , 0.0       , 0.0       , -0.0      , 
-2.18695  , 0.0       , 158.18695 , 0.0174    , 51.98274  , 0.0       , 0.0       , -0.0      , 
-2.18695  , 0.0       , 158.18695 , 0.01726   , 51.98288  , 0.0       , 0.0       , -0.0      , 
-2.18695  , 0.0       , 158.18695 , 0.01712   , 51.98302  , 0.0       , 0.0       , -0.0      , 
-2.18695  , 0.0       , 158.18695 , 0.01698   , 51.98315  , 0.0       , 0.0       , -0.0      , 
-2.18695  , 0.0       , 158.18695 , 0.01685   , 51.98329  , 0.0       , 0.0       , -0.0      , 
-2.18695  , 0.0       , 158.18695 , 0.01671   , 51.98342  , 0.0       , 0.0       , -0.0      , 
-2.18695  , 0.0       , 158.18695 , 0.01658   , 51.98355  , 0.0       , 0.0       , -0.0      , 
-2.18695  , 0.0       , 158.18695 , 0.01645   , 51.98368  , 0.0       , 0.0       , -0.0      , 
-2.18695  , 0.0       , 158.18695 , 0.01632   , 51.98381  , 0.0       , 0.0       , -0.0      , 
-2.18695  , 0.0       , 158.18695 , 0.01618   , 51.98394  , 0.0       , 0.0       , -0.0      , 
-2.18695  , 0.0       , 158.18695 , 0.01606   , 51.98407  , 0.0       , 0.0       , -0.0      , 
-2.18695  , 0.0       , 158.18695 , 0.01593   , 51.9842   , 0.0       , 0.0       , -0.0      , 
-2.18695  , 0.0       , 158.18695 , 0.0158    , 51.98433  , 0.0       , 0.0       , -0.0      , 
-2.18695  , 0.0       , 158.18695 , 0.01567   , 51.98445  , 0.0       , 0.0       , -0.0      , 
-2.18695  , 0.0       , 158.18695 , 0.01555   , 51.98458  , 0.0       , 0.0       , -0.0      , 
-2.18695  , 0.0       , 158.18695 , 0.01542   , 51.9847   , 0.0       , 0.0       , -0.0      , 
-2.18695  , 0.0       , 158.18695 , 0.0153    , 51.98482  , 0.0       , 0.0       , -0.0      , 
-2.18695  , 0.0       , 158.18695 , 0.01518   , 51.98494  , 0.0       , 0.0       , -0.0      , 
-2.18695  , 0.0       , 158.18695 , 0.01506   , 51.98506  , 0.0       , 0.0       , -0.0      , 
-2.18695  , 0.0       , 158.18695 , 0.01494   , 51.98518  , 0.0       , 0.0       , -0.0      , 
-2.18695  , 0.0       , 158.18695 , 0.01482   , 51.9853   , 0.0       , 0.0       , -0.0      , 
-2.18695  , 0.0       , 158.18695 , 0.0147    , 51.98542  , 0.0       , 0.0       , -0.0      , 
-2.18695  , 0.0       , 158.18695 , 0.01458   , 51.98554  , 0.0       , 0.0       , -0.0      , 
-2.18695  , 0.0       , 158.18695 , 0.01446   , 51.98565  , 0.0       , 0.0       , -0.0      , 
-2.18695  , 0.0       , 158.18695 , 0.01435   , 51.98577  , 0.0       , 0.0       , -0.0      , 
-2.18695  , 0.0       , 158.18695 , 0.01423   , 51.98588  , 0.0       , 0.0       , -0.0      , 
-2.18695  , 0.0       , 158.18695 , 0.01412   , 51.98599  , 0.0       , 0.0       , -0.0      , 
-2.18695  , 0.0       , 158.18695 , 0.01401   , 51.98611  , 0.0       , 0.0       , -0.0      , 
-2.18695  , 0.0       , 158.18695 , 0.01389   , 51.98622  , 0.0       , 0.0       , -0.0      , 
-2.18695  , 0.0       , 158.18695 , 0.01378   , 51.98633  , 0.0       , 0.0       , -0.0      , 
-2.18695  , 0.0       , 158.18695 , 0.01367   , 51.98644  , 0.0       , 0.0       , -0.0      , 
-2.18695  , 0.0       , 158.18695 , 0.01356   , 51.98654  , 0.0       , 0.0       , -0.0      , 
-2.18695  , 0.0       , 158.18695 , 0.01345   , 51.98665  , 0.0       , 0.0       , -0.0      , 
-2.18695  , 0.0       , 158.18695 , 0.01335   , 51.98676  , 0.0       , 0.0       , -0.0      , 
-2.18695  , 0.0       , 158.18695 , 0.01324   , 51.98687  , 0.0       , 0.0       , -0.0      , 
-2.18695  , 0.0       , 158.18695 , 0.01313   , 51.98697  , 0.0       , 0.0       , -0.0      , 
-2.18695  , 0.0       , 158.18695 , 0.01303   , 51.98707  , 0.0       , 0.0       , -0.0      , 
-2.18695  , 0.0       , 158.18695 , 0.01293   , 51.98718  , 0.0       , 0.0       , -0.0      , 
-2.18695  , 0.0       , 158.18695 , 0.01282   , 51.98728  , 0.0       , 0.0       , -0.0      , 
-2.18695  , 0.0       , 158.18695 , 0.01272   , 51.98738  , 0.0       , 0.0       , -0.0      , 
-2.18695  , 0.0       , 158.18695 , 0.01262   , 51.98748  , 0.0       , 0.0       , -0.0      , 
-2.18695  , 0.0       , 158.18695 , 0.01252   , 51.98758  , 0.0       , 0.0       , -0.0      , 
-2.18695  , 0.0       , 158.18695 , 0.01242   , 51.98768  , 0.0       , 0.0       , -0.0      , 
-2.18695  , 0.0       , 158.18695 , 0.01232   , 51.98778  , 0.0       , 0.0       , -0.0      , 
-2.18695  , 0.0       , 158.18695 , 0.01222   , 51.98788  , 0.0       , 0.0       , -0.0      , 
-2.18695  , 0.0       , 158.18695 , 0.01212   , 51.98798  , 0.0       , 0.0       , -0.0      , 
-2.18695  , 0.0       , 158.18695 , 0.01202   , 51.98807  , 0.0       , 0.0       , -0.0      , 
-2.18695  , 0.0       , 158.18695 , 0.01193   , 51.98817  , 0.0       , 0.0       , -0.0      , 
-2.18695  , 0.0       , 158.18695 , 0.01183   , 51.98826  , 0.0       , 0.0       , -0.0      , 
-2.18695  , 0.0       , 158.18695 , 0.01174   , 51.98836  , 0.0       , 0.0       , -0.0      , 
-2.18695  , 0.0       , 158.18695 , 0.01164   , 51.98845  , 0.0       , 0.0       , -0.0      , 
-2.18695  , 0.0       , 158.18695 , 0.01155   , 51.98854  , 0.0       , 0.0       , -0.0      , 
-2.18695  , 0.0       , 158.18695 , 0.01146   , 51.98863  , 0.0       , 0.0       , -0.0      , 
-2.18695  , 0.0       , 158.18695 , 0.01137   , 51.98872  , 0.0       , 0.0       , -0.0      , 
-2.18695  , 0.0       , 158.18695 , 0.01128   , 51.98881  , 0.0       , 0.0       , -0.0      , 
-2.18695  , 0.0       , 158.18695 , 0.01119   , 51.9889   , 0.0       , 0.0       , -0.0      , 
-2.18695  , 0.0       , 158.18695 , 0.0111    , 51.98899  , 0.0       , 0.0       , -0.0      , 
-2.18695  , 0.0       , 158.18695 , 0.01101   , 51.98908  , 0.0       , 0.0       , -0.0      , 
-2.18695  , 0.0       , 158.18695 , 0.01092   , 51.98917  , 0.0       , 0.0       , -0.0      , 
-2.18695  , 0.0       , 158.18695 , 0.01083   , 51.98925  , 0.0       , 0.0       , -0.0      , 
-2.18695  , 0.0       , 158.18695 , 0.01074   , 51.98934  , 0.0       , 0.0       , -0.0      , 
-2.18695  , 0.0       , 158.18695 , 0.01066   , 51.98943  , 0.0       , 0.0       , -0.0      , 
-2.18695  , 0.0       , 158.18695 , 0.01057   , 51.98951  , 0.0       , 0.0       , -0.0      , 
-2.18695  , 0.0       , 158.18695 , 0.01049   , 51.98959  , 0.0       , 0.0       , -0.0      , 
-2.18695  , 0.0       , 158.18695 , 0.01041   , 51.98968  , 0.0       , 0.0       , -0.0      , 
-2.18695  , 0.0       , 158.18695 , 0.01032   , 51.98976  , 0.0       , 0.0       , -0.0      , 
-2.18695  , 0.0       , 158.18695 , 0.01024   , 51.98984  , 0.0       , 0.0       , -0.0      , 
-2.18695  , 0.0       , 158.18695 , 0.01016   , 51.98992  , 0.0       , 0.0       , -0.0      , 
-2.18695  , 0.0       , 158.18695 , 0.01008   , 51.99     , 0.0       , 0.0       , -0.0      , 
