"N","Q","S","P0","P1","P2","R1","R2","A1","A2","t"
200,8,40,159.96776076638,0,0,0,0,0,0,1
200,8,16,159.976448862256,0,0,6.93970128631933,11.4426289623817,5.99999999976414,6.0000000004418,2
200,8,0,159.9851936279,0,0,8.43489098417262,12.4827333226023,9.99999999987197,10.9999999987647,3
200,8,0,159.994088652846,0,0,9.82165190832902,13.5142918170683,12.0000000002124,13.0000000012916,4
200,8,0,160.003241053456,0,0,11.0521061429059,14.5319155884835,12.9999999998132,15.9999999992764,5
200,8,0,160.012772440564,0,0,12.1048048163624,15.5300981120533,13.0000000001204,18.0000000002097,6
200,8,0,160.02280149134,0,0,12.9687422444699,16.5035269572583,13.0000000001204,18.0000000002097,7
200,8,0,160.033420653805,0,0,13.6482564479094,17.4477837381814,4.63240951800396,8.53843980200688,8
200,8,0,160.044695973602,1.05627248860725e-07,0,14.1534972648778,18.3588982182796,4.29666767957614,8.25649502103094,9
200,8,0,160.056614116002,3.61748984322042e-07,0,14.5025180987286,19.2337987139044,3.97073902531279,7.98816032562256,10
200,8,0,160.069122671893,7.40217036280855e-07,0,14.7172877174263,20.0697557642995,3.65739830011288,7.73968735360946,11
200,8,0,160.082063111961,1.25036961834517e-06,0,14.8284598238835,20.8646467594917,3.3574988886311,7.51154725543469,12
200,8,0,160.095140865424,1.86985927277981e-06,0,14.8723357609797,21.6170127226091,3.07139592500471,7.30183270114661,13
200,8,0,160.107979159088,2.54819450076833e-06,0,14.8817617891521,22.3258853783938,2.79937290154548,7.10490292659958,14
200,8,0,160.11998922228,3.15262436988038e-06,0,14.8720556724243,22.9917132096125,2.54175655842339,6.91471189841207,15
200,8,0,160.130465854887,3.49433573903726e-06,0,14.8512023898032,23.6155133183246,2.29882734994374,6.72859174218738,16
200,8,0,160.138450136519,3.24252606618077e-06,0,14.8153842766432,24.1991605257375,2.06976321223437,6.5494658797798,17
200,8,0,160.142841006756,1.99766960950673e-06,0,14.7560745508432,24.744825731066,1.85358021781511,6.38153589081166,18
200,8,0,160.142222565357,0,0,14.6577126041322,25.255006426407,1.64981066126578,6.22905277903906,19
200,8,0,160.135045561311,0,0,14.5038612344618,25.7322791839202,1.45856479982667,6.09465297241487,20
200,8,0,160.119490537604,0,0,14.2827522512408,26.1791401363101,1.28174851932018,5.97446517154506,21
200,8,0,160.093476825387,0,0,13.9880655682291,26.5978021808278,1.12175708709875,5.86281037702109,22
200,8,0,160.054818865169,0,0,13.6181542689175,26.9902287700017,0.980889853205974,5.7534528154364,23
200,8,0,160.001118105909,0,0.0345934173340757,13.185497874133,27.3576662447655,0.860455382681652,5.64064114005972,24
200,8,0,159.929920732243,0,0.286153051292393,12.7090178856535,27.7010264089923,0.760874258860395,5.51893604009344,25
200,8,0,159.838764863073,0,0.552836617710712,12.2192772917235,28.0206000299086,0.680046397644463,5.38348115362137,26
200,8,0,159.725282002803,0,0.83557431432738,11.7471378227897,28.3165856261828,0.615309796889885,5.23036570019135,27
200,8,0,159.587485263584,0,1.13528075478617,11.3130146916429,28.5894337588976,0.564275449700131,5.05887827632583,28
200,8,0,159.423666476995,0,1.45286084319557,10.9335342591692,28.8396982888924,0.524840010023671,4.87042981185479,29
200,8,0,159.23266846617,7.68657123629437e-05,1.78919445987596,10.6187288000623,29.0681798746854,0.496029158543362,4.67181510491279,30
200,8,0,159.012788258046,0.000224111661218825,2.14514859266986,10.3699125816118,29.27606202821,0.478123502382533,4.47152709089426,31
200,8,0,158.762110251141,0.000438682215468304,2.52158072768379,10.1851499958491,29.4646971617069,0.471524755106401,4.27712717334596,32
200,8,0,158.478597443976,0.000721419953867528,2.91931742304647,10.0570467186845,29.6357707243845,0.476081541640382,4.09207498022794,33
200,8,0,158.160518092026,0.00106297176914683,3.33916429905433,9.97670941739708,29.7910888221291,0.491159417483268,3.91764969169188,34
200,8,0,157.80748287857,0.00142324596135401,3.78187415265222,9.93470744086047,29.93260715057,0.514744749067126,3.75051047224261,35
200,8,0,157.419283969048,0.00173767446499607,4.24817742713613,9.92167697005926,30.0623251993036,0.54413689584412,3.5866199071976,36
200,8,0,156.995097029735,0.00187452234509934,4.73876797455784,9.92905883282649,30.1822680440503,0.575266378413527,3.42377428077184,37
200,8,0,156.533823558639,0.0016706932033491,5.25432353454192,9.94869044120713,30.2944564882684,0.603740482774313,3.26067302922183,38
200,8,0,156.034049948804,0.000891838213287278,5.79548372265017,9.97327156093223,30.4008432628385,0.625433247011758,3.09877915373059,39
200,8,0,155.494902825583,0,6.36284012743712,9.99602003498029,30.5032688402244,0.637001090862743,2.94393900543068,40
200,8,0,154.915529582358,0,6.95696281186791,10.0102663322737,30.6034930936055,0.635732536250783,2.80361490982014,41
200,8,0,154.294500408833,0,7.57837679894138,10.0094687707631,30.703055088648,0.62068110730727,2.68779446722621,42
200,8,0,153.630242068226,0,8.22758368255256,9.98706371962149,30.8033659068002,0.591796596209695,2.60688577598517,43
200,8,0,152.921184821495,0,8.9050363801478,9.93627190388352,30.9055455001517,0.550848865112092,2.57045365164002,44
200,8,0,152.166085730648,0,9.61115898661194,9.85053809687882,31.0105381605576,0.500272001938407,2.58709378687168,45
200,8,0,151.365005564173,0,10.3463089830326,9.72441890925509,31.118876668292,0.443399453303252,2.66115336551615,46
200,8,0,150.518434720717,0,11.1108174459161,9.55314025386708,31.2309120116303,0.384023976447243,2.79136006848585,47
200,8,0,149.62720928213,0,11.9049699602281,9.3348329071088,31.3465779989089,0.325737009261251,2.97321714739225,48
200,8,0,148.691992510003,0,12.7290164117483,9.07337695636805,31.4653234302605,0.271074609886971,3.19419133740262,49
200,8,0,147.713599007386,0,13.5831874297759,8.77650186111324,31.5863505325664,0.222130757993959,3.43849410729304,50
200,8,0,146.693725266963,0.0521052635265159,14.4676625657403,8.46197660101891,31.7082813337998,0.180286499112421,3.68535237671903,51
200,8,0,145.634254880393,0.136684066497241,15.3826014971708,8.15004418372748,31.8295764165905,0.146649975421991,3.91316185084648,52
200,8,0,144.536937945596,0.257622034971938,16.3281354838642,7.86080420854695,31.9486307811018,0.121890461982272,4.10374029795391,53
200,8,0,143.403738623719,0.416319573181459,17.304379659739,7.61125328319237,32.0639474778813,0.106341812608791,4.24636989691239,54
200,8,0,142.237610822548,0.601590947706862,18.3114130729337,7.40611945734134,32.1745273414825,0.100203440208586,4.33506945825778,55
200,8,0,141.041864631113,0.799465518678553,19.3492988076243,7.24604028834539,32.2795595762773,0.103377745483083,4.37575483138309,56
200,8,0,139.819891325662,0.999541701564673,20.4180695487457,7.12713440342259,32.3785406465741,0.115621907914451,4.37797367127888,57
200,8,0,138.573775762473,1.20026971375743,21.51774052203,7.04279500150843,32.4712371991696,0.136409234313447,4.35390381646877,58
200,8,0,137.305393623157,1.39952811319361,22.6483151725275,6.98579825214825,32.5575278831546,0.165080080765571,4.3160155175962,59
200,8,0,136.017199055205,1.58441864602598,23.8097603392471,6.94815428279278,32.6375330981249,0.200653717066225,4.27483849209649,60
200,8,0,134.711537508489,1.74116395184182,25.0020265782467,6.9218554301231,32.7114710692232,0.241794806211508,4.2386173310245,61
200,8,0,133.389741176529,1.86324705575033,26.2250359198209,6.89958890983635,32.7797095732737,0.286899416458189,4.21450977490942,62
200,8,0,132.052355680907,1.94802976847671,27.478698253398,6.87455988686873,32.8426777919356,0.333581861347632,4.20724615479477,63
200,8,0,130.697793611818,2.0011286576882,28.762903430705,6.8413504440966,32.9009009745277,0.379204829613663,4.21956999797604,64
200,8,0,129.324332596796,2.03013399780947,30.0775245490877,6.79522565280833,32.9549376318366,0.420906265475351,4.2487050262422,65
200,8,0,127.931445388891,2.0420336019515,31.4223859670448,6.73326846824127,33.0053849774152,0.456189340801384,4.28932039880408,66
200,8,0,126.517410815426,2.0427551751416,32.7972932620188,6.65475199752383,33.052856367582,0.484242882573669,4.33138683006651,67
200,8,0,125.080119860813,2.03749639318959,34.2020409353986,6.56070448698726,33.0979615637765,0.504975265352822,4.36416183311311,68
200,8,0,123.617504358736,2.02950494064095,35.6363862204585,6.45732334681012,33.1412890497101,0.519524152002411,4.37996223054496,69
200,8,0,122.128072904634,2.02121925439551,37.1000619500929,6.35142630235509,33.183407282179,0.529472351591807,4.37642093482799,70
200,8,0,120.612600291715,2.01379077203478,38.59274062379,6.24714317587406,33.2248258880466,0.536046115603815,4.35302813154061,71
200,8,0,119.07189023453,2.00789597498824,40.1140777986879,6.14698572499068,33.2660142377558,0.538898452769611,4.31184841872669,72
200,8,0,117.504595935246,2.00359851939553,41.6637215959309,6.04968135192643,33.3073395060002,0.537444500602156,4.25583833968814,73
200,8,0,115.908318678654,2.00076840115193,43.2413192758893,5.95286709987871,33.3491207309036,0.531721154493212,4.18894780629365,74
200,8,0,114.278939175082,1.99911776387008,44.8465123031923,5.85374167417568,33.3915604823106,0.522162636689067,4.11584833353848,75
200,8,0,112.613170176172,1.9983341508602,46.4789039861243,5.74991448127241,33.4347342714369,0.51042356197158,4.04384403243783,76
200,8,0,110.90853093485,1.9981257821508,48.1380744869392,5.64008947610643,33.4786383251457,0.499411804492433,3.98367048331302,77
200,8,0,109.164420378602,1.99826773102419,49.8235505383385,5.52679383624486,33.5230562038867,0.492141948856044,3.94578533198874,78
200,8,0,107.381511143268,1.99857134940077,51.5348292036578,5.41423031751313,33.5676892775205,0.491044049492791,3.93657627798195,79
200,8,0,105.563691023547,1.99892625049973,53.2713422983232,5.30948076614044,33.6121228199634,0.498027091553022,3.95989870372634,80
200,8,0,103.715468523856,1.99925345046717,55.0325017298024,5.21918032360368,33.6559610073179,0.513500313240999,4.0135486696302,81
200,8,0,101.840619828605,1.99952131585819,56.8177050216401,5.14529822196667,33.6989997203746,0.537265953636082,4.09324114513208,82
200,8,0,99.9419221352341,1.99971472628256,58.6263531467016,5.0882940819734,33.7411053731187,0.56796224127912,4.19271315881147,83
200,8,0,98.0193997870552,1.99983876787226,60.457866159453,5.04709246349579,33.7822535775127,0.603052298382625,4.30628388276293,84
200,8,0,96.0743043154137,1.99990922106137,62.3116347612454,5.01962469241618,33.8225176320917,0.639274883573727,4.42833648239864,85
200,8,0,94.1086132996337,1.99994459156132,64.1870352257082,5.00357759305761,33.8620099134572,0.671414345077958,4.55236169242295,86
200,8,0,92.1251654159488,1.99996826734333,66.0834225140007,4.99631008352903,33.9009240309283,0.694024959941807,4.671040328494,87
200,8,0,90.1270776930779,2.00000525355301,68.0001441456531,4.9951163385772,33.9394841807393,0.702695130897181,4.774705960793,88
200,8,0,88.1177194727707,2.0000821417738,69.9365391861484,4.99735946571428,33.977955674069,0.693929101574683,4.85279150896147,89
200,8,0,86.1004915570218,2.00022461382269,71.8919445281874,5.00042602525169,34.0166160869922,0.667528455413514,4.89512125362555,90
200,8,0,84.0786682757716,2.00045312601309,73.8656968273892,5.00172745593241,34.0557509402242,0.626624492927097,4.89779250690738,91
200,8,0,82.0549039446361,2.00078458140102,75.8571404669656,4.99867855761297,34.0956448959659,0.575299049345194,4.86074328400867,92
200,8,0,80.029084481985,2.00121914889305,77.8656562072329,4.98868703904116,34.1365625757076,0.518763691166034,4.79268754178293,93
200,8,0,77.9988481618689,2.00172376401982,79.8906535139733,4.96917512194549,34.1787311082024,0.462097693131958,4.7051883521466,94
200,8,0,75.9617822373466,2.00223867081365,81.9315434619783,4.93767132956379,34.2223495523621,0.408721431693283,4.61242930561619,95
200,8,0,73.9169291255156,2.00262833380806,83.9877226434722,4.89211201969612,34.2675393357943,0.361385074689757,4.52722881446342,96
200,8,0,71.8633125178013,2.00270834674277,86.0585893668462,4.83086709428657,34.3143744618348,0.321816853810871,4.45432405938075,97
200,8,0,69.7984260389007,2.00217459968104,88.1435632877251,4.75363279729323,34.3628168680365,0.291323053590099,4.39507510905334,98
200,8,0,67.7197862597947,2.00067247718747,90.2420646927862,4.66127350201127,34.4127604261722,0.270418214781368,4.34569640151947,99
200,8,0,65.6265316033288,1.99776504550845,92.3534950456831,4.55799975707006,34.4639388106767,0.258946849797226,4.30217191391682,100
200,8,0,63.5179629328064,1.99299495406512,94.4772545903636,4.45007100920757,34.5160013887541,0.256447916399437,4.26123403529364,101
200,8,0,61.3915641963386,1.98598169022532,96.6127675372345,4.3473652338635,34.5684662687129,0.261741718969563,4.22148245912865,102
200,8,0,59.2411970188874,1.9766496518299,98.7595016717959,4.25604920715967,34.620990391724,0.273297998207489,4.18202726427185,103
200,8,0,57.060327053367,1.96525771619474,100.916929398746,4.18019010036203,34.6733183326261,0.288902893466575,4.14215276662791,104
200,8,0,54.8442153651417,1.95309793081723,103.084501510528,4.12038021890607,34.7253621101699,0.305971219019144,4.10055842479311,105
200,8,0,52.5893014663141,1.94223746338112,105.261654820912,4.07597217558723,34.7771044037161,0.321178108001927,4.05392191112143,106
200,8,0,50.2949432434898,1.93681079213398,107.447791841213,4.04483467847122,34.8286430911536,0.33124634017549,4.0002600015782,107
200,8,0,47.9618250715051,1.94217127478311,109.642301013475,4.02431777098245,34.8801232753926,0.333409937395777,3.93877071696149,108
200,8,0,45.593018903616,1.96648047631056,111.844548805103,4.01118074270978,34.9317637608997,0.326699818531993,3.87140953721686,109
200,8,0,43.1931599441753,2.01897740201201,114.053886869103,4.00200281692735,34.9838088307301,0.311049283269378,3.80083198958727,110
200,8,0,40.7697483740191,2.11017042599581,116.269645516209,3.99323523924674,35.0365303240027,0.288204257544037,3.72973633135776,111
200,8,0,38.3272489325394,2.25001457019775,118.491209499161,3.98130301246728,35.0902045060981,0.26043188002028,3.66070918731142,112
200,8,0,35.8679543834423,2.44509093439099,120.718002326265,3.96269365571486,35.1450976310891,0.230087509214117,3.59580266114791,113
200,8,0,33.3894713856238,2.68941367036571,122.949538765341,3.93413861837805,35.2014385347539,0.198858540566094,3.53676549741986,114
200,8,0,30.8885948355145,2.96841364352772,125.185361529791,3.89263316815976,35.2594255348083,0.168116931630598,3.48526655315424,115
200,8,0,28.3635586844932,3.24575552172851,127.425033855836,3.83598391575777,35.319172295013,0.138708907658316,3.44283617940988,116
200,8,0,25.8133344610538,3.48584113431492,129.668122548031,3.76275362344514,35.3807360054731,0.111256929556874,3.41099876525431,117
200,8,0,23.2384049472046,3.67778715416969,131.914188161458,3.67371831680126,35.4440326156255,0.086014133165378,3.39139335775792,118
200,8,0,20.6406133586907,3.82061174207286,134.162780626293,3.57116593506304,35.5089004928136,0.0630951957477138,3.38551331538827,119
200,8,0,18.0265300860068,3.92882516163237,136.413410311063,3.46130728179084,35.5750014815787,0.0424063321844514,3.39361744217513,120
200,8,0,15.4068949132707,4.02306443256716,138.665565275824,3.35166565037507,35.6419254141589,0.0237118174441793,3.41364162095003,121
200,8,0,12.791809847104,4.12463216419176,140.918760961855,3.24866014629508,35.7092944289637,0.00673371109942311,3.4424976824764,122
200,8,0,10.1856390108797,4.25508934510529,143.172635581265,3.15393923138706,35.7768896294641,0,3.47514981733988,123
200,8,0,7.59018831212272,4.43273521582615,145.426889637708,3.06748188545671,35.8445552676819,0,3.50664960518828,124
200,8,0,5.00276867821386,4.66256364526509,147.681350030192,2.98735980383096,35.912229224779,0,3.53434582209584,125
200,8,0,2.41984169114352,4.94132693495172,149.935892504405,2.911216258787,35.9798818453912,0,3.55699381696908,126
