"N","Q","S","P0","P1","P2","R1","R2","A1","A2","t"
200,8,40,159.975771781061,0,0,0,0,0,0,1
200,8,24,159.979610896842,0,0,6.17607702501833,8.40173276538077,3.99999999947518,4.00000000015376,2
200,8,10,159.983504028977,0,0,8.49056560458146,9.72174981808,7.00000000049415,7.99999999992028,3
200,8,0,159.98754687626,0,0,10.6803813746792,11.0340971565877,11.0000000001538,10.9999999996289,4
200,8,0,159.991855456018,0,0,12.6627028560842,12.3337294221136,14.9999999994261,13.0000000004941,5
200,8,0,159.996582174426,0,0,14.3598594287285,13.61541305291,17.0000000002741,15.9999999998285,6
200,8,0,160.001890217588,0,0,15.7066409348718,14.8741101939416,17.0000000002741,15.9999999998285,7
200,8,0,160.007949502477,0,0,16.6825282069255,16.1057540199772,8.78172922772154,9.15037678729952,8
200,8,0,160.014929609737,0,0,17.2846261396011,17.3066182449396,7.83439978495059,9.11177570444476,9
200,8,0,160.022982731841,0,0,17.5387715148045,18.4734917985026,6.91676790307945,9.08641947597868,10
200,8,0,160.032221794309,0,0,17.4889589417825,19.6037577478085,6.04744643442201,9.0783942290864,11
200,8,0,160.04272924599,0,0,17.1846748534224,20.6949732303424,5.24162388137066,9.08332836592597,12
200,8,0,160.054502876944,0,0,16.6856664645939,21.744895309193,4.51221561938294,9.09228902309973,13
200,8,0,160.067479151389,0,0,16.0541583971473,22.751472542976,3.86510680819475,9.08681751129845,14
200,8,0,160.081433888971,0,0,15.3520241188721,23.7132195468109,3.29931733647178,9.04705435205118,15
200,8,0,160.096067617746,0,0,14.6370056102762,24.6290471118571,2.81131560464759,8.95584051611113,16
200,8,0,160.11088927833,0,0,13.9457130052545,25.4991021096446,2.39281229184303,8.80577272599102,17
200,8,0,160.125168418328,0,0,13.2908845327471,26.3246558044752,2.03430813569756,8.59580730956643,18
200,8,0,160.138037697437,0,0,12.6791981915309,27.1072926586791,1.72708689724799,8.34130473159749,19
200,8,0,160.148286486304,0,0,12.1129192659176,27.8489801958422,1.46587209841794,8.06443199303767,20
200,8,0,160.154513222394,0,0,11.5909014784172,28.5518588357073,1.24628473009159,7.78727529049761,21
200,8,0,160.154895899502,0,0,11.1027650187965,29.218377521389,1.06407538695554,7.52871173444657,22
200,8,0,160.147432248518,0,0,10.6347208280212,29.8510767278656,0.914900831336725,7.30485719815845,23
200,8,0,160.129749376866,0,0,10.1691533216128,30.4524814036159,0.793912892321145,7.12399169226697,24
200,8,0,160.09911917787,0,0,9.68965379754217,31.0248383758065,0.696237105184601,6.99124477777894,25
200,8,0,160.052670747802,0,0,9.18176873006075,31.570178163243,0.617652379653356,6.90611067069502,26
200,8,0,159.987242056852,0,0.25729259100978,8.63655755047743,32.0899585736191,0.555052030755074,6.86341446649484,27
200,8,0,159.899611448903,0,0.561731746239088,8.05025965533537,32.5852693449537,0.505330430896006,6.85590034819765,28
200,8,0,159.786609888691,0,0.889632734679843,7.43432134505704,33.0563006476784,0.464371716195407,6.87146648553541,29
200,8,0,159.645221814144,0,1.24228715180709,6.80413505856317,33.5029564398991,0.427797122836852,6.89782354048963,30
200,8,0,159.472988456254,0,1.62095827654232,6.17786418038876,33.9248034933395,0.391633062551593,6.92733647581987,31
200,8,0,159.267573448625,0,2.02688268430314,5.58258968959941,34.3209796406261,0.353681762220453,6.95562752382782,32
200,8,0,159.026425066819,0,2.46128322829401,5.0440881306646,34.6906557714749,0.312782399457653,6.98014916782276,33
200,8,0,158.746148069603,0,2.92534880552323,4.57414512766709,35.0335026226297,0.270135798797512,7.00344162117362,34
200,8,0,158.423354630804,0,3.42024263731409,4.17820953067198,35.3494673746024,0.227511804284078,7.02906699603981,35
200,8,0,158.055530101276,0,3.94705919844603,3.85037401406039,35.6391031359521,0.186594691080191,7.05958726968281,36
200,8,0,157.640426827682,0,4.50686314419779,3.58253831212315,35.9031404422037,0.148867098282299,7.09682207370269,37
200,8,0,157.176289991505,0,5.10065220555834,3.36939736290399,36.1424559666241,0.115038295767585,7.13918746503006,38
200,8,0,156.662605590245,0,5.72934590932808,3.20713536199868,36.3581217591313,0.0854277342276905,7.17886988097194,39
200,8,0,156.099063439838,0,6.39382790889039,3.09120429521962,36.5513449832568,0.0602200221920611,7.20582581673872,40
200,8,0,155.484976515511,0,7.09490393528432,3.01328415552428,36.7237038252907,0.0392699748807897,7.20682930684079,41
200,8,0,154.819394097698,0,7.83334007010234,2.96410406072121,36.8769036039927,0.0223250794186664,7.16867705203081,42
200,8,0,154.10068752836,0,8.60982171949509,2.93436162087822,37.0127871452424,0.00902336993683406,7.0832270853943,43
200,8,0,153.327285958973,0,9.42499496496603,2.91489823074145,37.1332363276089,0,6.95030854808861,44
200,8,0,152.499142402251,0,10.2794054555128,2.897433966355,37.2401336799597,0,6.77364665044156,45
200,8,0,151.618895903917,0,11.1734844469097,2.87492870475182,37.3352941937111,0,6.56539805280826,46
200,8,0,150.690146898071,0,12.107610958364,2.84111788270335,37.4204704296338,0,6.34002472063806,47
200,8,0,149.717882633473,0,13.0820503002504,2.79175103655978,37.4972374392756,0,6.11277838972978,48
200,8,0,148.706657630537,0,14.0970248050771,2.72395583464988,37.5670568283046,0,5.89774952251994,49
200,8,0,147.65790868165,0,15.1526986027183,2.63835837363808,37.6311139280916,0,5.70356259151655,50
200,8,0,146.571401356474,0,16.249215450002,2.53776724409778,37.6904531339057,0,5.53735884875904,51
200,8,0,145.442778013126,0,17.3866858141723,2.43042681481245,37.7458057379674,0,5.40529611913098,52
200,8,0,144.264565024296,0,18.5651743399482,2.32670626502987,37.7977286332127,0,5.30972302341119,53
200,8,0,143.029019365948,0,19.7847077075927,2.23578902199828,37.8467808353754,0,5.2521190968933,54
200,8,0,141.729544621833,0,21.0452007396815,2.16129858132863,37.8936323831344,0,5.2327774725705,55
200,8,0,140.361129041576,0,22.346500426283,2.10483756208836,37.9389950015855,0,5.24599744111994,56
200,8,0,138.923952930499,0,23.688294285124,2.06548500880813,37.9836361385455,0,5.28359148119652,57
200,8,0,137.420287229506,0,25.0702044636503,2.04145549638033,38.0283406859383,0,5.33350188122318,58
200,8,0,135.855458646003,0,26.4917378283303,2.02994298025382,38.0739028141709,0,5.38327424110924,59
200,8,0,134.235127628504,0,27.9523226546569,2.02756257816505,38.121101106189,0,5.42273759694132,60
200,8,0,132.56449051401,0,29.4513591974547,2.03072198921252,38.1706939086357,0,5.4430752546657,61
200,8,0,130.847346074028,0,30.9881887176549,2.03534449965145,38.2233777238304,0,5.4403923959447,62
200,8,0,129.086441188648,0,32.5621307060834,2.03708968768947,38.2798011416532,0,5.41873054307494,63
200,8,0,127.281712737781,0,34.1724765670368,2.03104671218728,38.3404829465503,9.22267736121855e-05,5.38506380298247,64
200,8,0,125.432406050755,0,35.8185016296666,2.01205034825988,38.4058802267135,0.000393907106841484,5.35094369129205,65
200,8,0,123.539342758106,0,37.4994189210208,1.97449070315023,38.476290867993,0.000597083616549784,5.32862934914698,66
200,8,0,121.609485453257,0,39.2143280624277,1.9126558962471,38.5518146203023,0.000719804133776645,5.32651702052619,67
200,8,0,119.651867251689,0,40.9622886817916,1.82115811592719,38.6324340758483,0.000778355018159103,5.3441022605925,68
200,8,0,117.677673343663,0,42.7423047855273,1.69589603546406,38.717832087053,0.00078797196695775,5.37632071207754,69
200,8,0,115.697489665344,0,44.5533769405728,1.5343909555692,38.8075177827593,0.000761237354901552,5.4083323301483,70
200,8,0,113.717353061708,0,46.3945475774492,1.33936820180901,38.9006051372798,0.000709421732364689,5.42380387446803,71
200,8,0,111.741300843377,0,48.2648796679565,1.11725404550335,38.9960003567231,0.000641201674833827,5.4102050102497,72
200,8,0,109.768861040983,0,50.1634892910857,0.884397167205183,39.0921587301959,0.00056419357986934,5.35714517584081,73
200,8,0,107.794458488619,0,52.0895538238481,0.660836791303532,39.1873665723642,0.000484064131501544,5.2611144254092,74
200,8,0,105.811222054191,0,54.0422674481186,0.464108586870002,39.2800073958016,0.000404856422706775,5.1282895751981,75
200,8,0,103.811337675831,0,56.0208403425891,0.300443397410259,39.3689134995794,0.000329938713079206,4.96864655546054,76
200,8,0,101.787677786756,0,58.0244766438104,0.17209082320898,39.4531149216011,0.000261191835533935,4.79886003716028,77
200,8,0,99.7368037302946,0,60.0523403229517,0.0766803172327786,39.5319838686021,0.000199959409953348,4.6369160517441,78
200,8,0,97.6567965102579,0,62.1035796483641,0.0103449052033991,39.6050270397251,0.000146819965842067,4.49851622889592,79
200,8,0,95.5483478830418,0,64.1773185312118,0,39.6719806631348,0.000101772016637832,4.39567446166836,80
200,8,0,93.4136311211056,0,66.2726683760061,0,39.7327648300876,6.46152700284374e-05,4.33749701664988,81
200,8,0,91.2551080204044,0,68.3887408814786,0,39.7873720808375,3.47688704058343e-05,4.32478406650898,82
200,8,0,89.0755103877668,0,70.5246557684226,0,39.8359498387365,1.15314068847598e-05,4.35429482840798,83
200,8,0,86.8771751907408,0,72.6795437896664,0,39.8787056678076,0,4.41493079140465,84
200,8,0,84.6605900288792,0,74.8525718041176,0,39.915932811658,0,4.49181174946753,85
200,8,0,82.4256552283923,0,77.042920485186,0,39.9479557224508,0,4.56377205018101,86
200,8,0,80.1722659620143,0,79.2497864076075,0,39.9751414644557,0,4.61176320153825,87
200,8,0,77.9021707587275,0,81.4723579316847,0,39.9978807204759,0,4.62046467213061,88
200,8,0,75.6180143383079,0,83.7098207261089,0,40.0165685039454,0,4.58553334947035,89
200,8,0,73.3240478961154,0,85.961362695541,0,40.0316033209484,0,4.50798118683647,90
200,8,0,71.0246378173173,0,88.2261818859114,0,40.0433798643741,0,4.39799285884726,91
200,8,0,68.7230047707266,0,90.5035146722579,0,40.0522740816814,0,4.2632832599307,92
200,8,0,66.4216478040519,0,92.7926173574422,0.000736028402097034,40.0586524545827,0,4.10957426124659,93
200,8,0,64.1208571928842,0,95.0927976868258,0.00207140988101489,40.062856609169,0,3.93969613210868,94
200,8,0,61.8186160045842,0,97.4034139925633,0.0027260054910359,40.0652004398914,0,3.75614329533434,95
200,8,0,59.5123435150902,0,99.7238427196255,0.00290145139951552,40.0659830904098,0,3.56295838960163,96
200,8,0,57.1990758508642,0,102.053492523,0.00275699908437698,40.0654676534688,0,3.36564728906444,97
200,8,0,54.8763875501049,0,104.391778598995,0.00242990094220869,40.063899227224,0,3.17300237627664,98
200,8,0,52.5443899474339,0,106.738110099178,0.00201179773369218,40.0614869823877,0,2.99081934473157,99
200,8,0,50.2038729211644,0,109.09189879343,0.0015764916158501,40.0584249654062,0,2.82300927293481,100
200,8,0,47.8557081559634,0,111.452577968037,0.00116822199887686,40.0548773410063,0,2.67001765001207,101
200,8,0,45.5004293931251,0,113.819605032471,0.000809512725885155,40.0509808831167,0,2.53088847485901,102
200,8,0,43.1379448043006,0,116.192454920222,0.000515410434911566,40.0468598618022,0,2.40338579699219,103
200,8,0,40.7660425705263,0,118.570652667162,0.000286332816087823,40.0426097800658,3.71787796001839e-07,2.28818026168789,104
200,8,0,38.3818174653085,0,120.953743472006,0.000118020914950558,40.0383131934343,8.91544922664107e-07,2.18723962149183,105
200,8,0,35.9817106226464,0,123.341303082448,2.13814656082644e-06,40.0340296345908,1.23545874188757e-06,2.10427836938264,106
200,8,0,33.5620419515242,0,125.732918595827,0,40.0298093596242,1.43679214057195e-06,2.04348940241537,107
200,8,0,31.120140775991,0,128.128185678512,0,40.0256859472338,1.52436922097686e-06,2.00923249351799,108
200,8,0,28.6567413074342,0,130.526678586956,0,40.0216790798077,1.52499334163469e-06,2.00528547251233,109
200,8,0,26.1741578335354,0,132.927963224735,0,40.0178027259324,1.46094608368735e-06,2.03229767751003,110
200,8,0,23.6776622446765,0,135.331597206218,0,40.0140583744161,1.35008763222229e-06,2.08775941089653,111
200,8,0,21.1730560990269,0,137.737147290897,0,40.0104425564212,1.2081778393474e-06,2.1681982449172,112
200,8,0,18.6653020232064,0,140.144225107963,0,40.0069444523052,1.0460855737397e-06,2.26882620490883,113
200,8,0,16.1583127648531,0,142.552470808249,0,40.0035505564642,8.72801453988014e-07,2.38479821501644,114
200,8,0,13.6525195977286,0,144.961603055387,0,40.0002438039551,6.94225707375025e-07,2.5127551432714,115
200,8,0,11.1470300914986,0,147.371395000956,0,39.9970056163844,5.13729559415697e-07,2.65120485022023,116
200,8,0,8.64091706246428,0,149.781640894478,0,39.9938175970827,3.33743117210045e-07,2.79891410230102,117
200,8,0,6.13359787147177,0,152.192182193509,1.67911331807838e-06,39.9906627414663,1.54805511735585e-07,2.95409008253822,118
200,8,0,3.62483897052107,0,154.602882786072,1.41295860082464e-05,39.9875256778945,0,3.11460335744784,119
