"N","Q","S","P0","P1","P2","R1","R2","A1","A2","t"
200,8,40,159.963845941739,0,0,0,0,0,0,1
200,8,18,159.972803796327,0,0,7.46150939145351,7.45713162986554,6.99999999946968,3.99999999990503,2
200,8,4,159.981866953976,0,0,9.88139032121657,8.49672863830624,10.9999999999791,6.99999999984386,3
200,8,0,159.991213002909,0,0,12.1411078180731,9.52746788494789,13.0000000000772,9.00000000018425,4
200,8,0,160.001046968706,0,0,14.1677540871957,10.5435877209744,15.0000000002485,10.9999999999541,5
200,8,0,160.011605786813,0,0,15.9094468341486,11.5389346130339,17.9999999998693,13.0000000000076,6
200,8,0,160.023129592823,0.000137911934502424,0,17.3259817893826,12.5074447442158,17.9999999998693,13.0000000000076,7
200,8,0,160.035822595198,0.000480646290361046,0,18.4079576996669,13.4438218847365,9.00770474506705,7.06279933161333,8
200,8,0,160.049816953575,0.00100125724452905,0,19.1728606302149,14.3430248396977,8.24355152292054,6.73741295757214,9
200,8,0,160.065178436908,0.00170877266662985,0,19.6495631896411,15.2002647774368,7.4951729714587,6.41843171535182,10
200,8,0,160.081774522901,0.00252641510005556,0,19.8920184915074,16.0116949719246,6.77188283799547,6.10642958578225,11
200,8,0,160.099377647937,0.00332780927515904,0,19.9616988915035,16.7740960452404,6.0839659120433,5.80238295245976,12
200,8,0,160.117507689746,0.00382743222835526,0,19.9207880198852,17.4861940155871,5.44174756201378,5.50771170830276,13
200,8,0,160.135356319173,0.00352536744252895,0,19.8155778668131,18.1486191601644,4.85391820663217,5.22753207539485,14
200,8,0,160.151922368049,0.00179938430211293,0,19.6835760736975,18.7627283364801,4.32566119063472,4.97660196302336,15
200,8,0,160.165716050529,0,0,19.5442936429329,19.3312722859792,3.85916919218623,4.77141762182464,16
200,8,0,160.174969884441,0,0,19.409867134084,19.8575041646928,3.44797711550415,4.62612988925785,17
200,8,0,160.177294219983,0,0,19.2809319744141,20.3452929030594,3.08285918047194,4.55282874671103,18
200,8,0,160.170031511127,0,0,19.1539469823074,20.7987849551919,2.75267129989287,4.55557551104956,19
200,8,0,160.14996579299,0,0,19.0197781238343,21.2226175675071,2.44753977095632,4.62843438270084,20
200,8,0,160.11333274013,0,0,18.866439842864,21.6215374545529,2.1601412915475,4.76135049495145,21
200,8,0,160.056154959889,0,0,18.6823537797038,22.000171652543,1.89148753710181,4.93631532618603,22
200,8,0,159.974038797005,0,0,18.4591205568118,22.3626825962943,1.64500539670478,5.13257546232652,23
200,8,0,159.862478768637,0,0,18.1911360252313,22.7129503857454,1.4254832333701,5.32734198447839,24
200,8,0,159.717048583917,0.0319753911826264,0,17.882992841805,23.0540012281741,1.23818326688548,5.50103113553944,25
200,8,0,159.533755148776,0.187436865081209,0,17.5500636408588,23.387938528153,1.08723943391526,5.63718503181829,26
200,8,0,159.309171181602,0.434862838391221,0,17.2084861446223,23.7165532901773,0.972130151118657,5.72788764273709,27
200,8,0,159.041691691919,0.7773276702718,0.100543679883109,16.8686789325075,24.0411435366095,0.890182092323858,5.76994973095934,28
200,8,0,158.730831930243,1.2033330733516,0.322294298120423,16.5361582805655,24.3628339313661,0.834467728512805,5.77120214629473,29
200,8,0,158.37876581992,1.65955473864458,0.564612111553544,16.2025503942239,24.6825486867114,0.795860661729134,5.74468613769371,30
200,8,0,157.988258131016,2.08320001010839,0.82864227476061,15.854362842644,25.0011034035045,0.765160501519249,5.7032289886794,31
200,8,0,157.561167846583,2.42809839398211,1.11550734571149,15.4727133283173,25.3189349810792,0.734081893549152,5.65618305188786,32
200,8,0,157.096838123948,2.69974567042022,1.4262961687367,15.0418518662149,25.6358429900557,0.695333043546184,5.60936668986019,33
200,8,0,156.593229625555,2.92222305169812,1.76208158307935,14.5526715024195,25.9511745898048,0.645486630683871,5.55804210094284,34
200,8,0,156.045215038552,3.14327536300697,2.12390234308601,14.0178589763713,26.2630461249229,0.585101212448913,5.49522568730211,35
200,8,0,155.446587892407,3.41700980228041,2.51278152582593,13.4587175812173,26.5691135317338,0.516039386924475,5.41461461130152,36
200,8,0,154.790581314258,3.78976325380344,2.92970092906728,12.9082823103388,26.8664626784209,0.44215883729783,5.31220961490061,37
200,8,0,154.072794279682,4.27009430456234,3.37558457417245,12.3989930025374,27.152189729291,0.367780731460998,5.18629226284961,38
200,8,0,153.290838547326,4.84213073280568,3.85131522994146,11.9585534848404,27.4236404823194,0.296710907818213,5.04155018737231,39
200,8,0,152.447703995813,5.4305018486434,4.35766127527757,11.5994868221224,27.6789962694533,0.231223185391749,4.88272137221163,40
200,8,0,151.547729844273,5.95107884858711,4.89534203690888,11.3274201974822,27.9168389415468,0.172944092676139,4.71486842994295,41
200,8,0,150.594832734144,6.35719134587002,5.46497349601173,11.1349505761059,28.136632965397,0.122407728865656,4.54600706484416,42
200,8,0,149.591166838443,6.66025506906622,6.06706507206965,11.0090644200903,28.3384987403666,0.0797637220430649,4.38576774318761,43
200,8,0,148.537397425196,6.89229343022966,6.70208642493435,10.9359033917069,28.5228011837568,0.0446674992506213,4.24712671807837,44
200,8,0,147.430001421382,7.11579096342908,7.37043428292207,10.9007397657775,28.6904189874688,0.0164681401650935,4.14329605392015,45
200,8,0,146.264298531145,7.39749047489022,8.07246899379158,10.8892229197247,28.8424097405423,0,4.08592939656444,46
200,8,0,145.035167908333,7.79070673745207,8.80847831460752,10.8893800288245,28.9800328459706,0,4.08108739542429,47
200,8,0,143.738426328037,8.33633792033057,9.57871115994683,10.8902641240829,29.1046086729167,0,4.13156217346151,48
200,8,0,142.374868259587,9.02537654566073,10.3833195529665,10.8830275199943,29.2174806985968,0,4.23184599260463,49
200,8,0,140.94948256698,9.78508647639917,11.2223783733566,10.8607485710067,29.3199271422205,0,4.37128583077259,50
200,8,0,139.467413689631,10.5383944496341,12.0959270074326,10.8177542621108,29.4131456051116,0,4.53706554089018,51
200,8,0,137.931281732764,11.2455477628822,13.0039193166648,10.7518714667808,29.4980869877386,0,4.71099148257364,52
200,8,0,136.342111932626,11.8943080063145,13.9462721611937,10.6624013153926,29.5755879913844,0,4.87339822555039,53
200,8,0,134.696663758454,12.5399969348922,14.9228306374151,10.5528891951187,29.6461860221095,0,5.00535695452677,54
200,8,0,132.989090392987,13.235414674529,15.933387088524,10.4348682485987,29.7100091646639,0,5.09279656254968,55
200,8,0,131.213599638002,14.0187487882619,16.9777000666646,10.3207668879588,29.7670998578881,0,5.12551708313806,56
200,8,0,129.366260272499,14.8904423692136,18.055430092861,10.219206132586,29.8175147543233,0,5.10381798679685,57
200,8,0,127.445195935832,15.8333825277822,19.166171876418,10.1364075516111,29.861356722444,0.00262051673026666,5.03210632718005,58
200,8,0,125.454888731541,16.7979769133794,20.3093549108842,10.0728023058788,29.8988992807598,0.0234940426698675,4.92108933855696,59
200,8,0,123.402603259984,17.7203848364764,21.4843368330742,10.0271049953205,29.9304696460053,0.0492168235399917,4.78443411911934,60
200,8,0,121.299305377635,18.5264380748364,22.690337022276,9.99688931001101,29.9564476249954,0.0802854153339334,4.63528466904249,61
200,8,0,119.152872753816,19.1925853808044,23.9264801195945,9.97919968323246,29.9772578491243,0.116945416137687,4.48321545641616,62
200,8,0,116.968791936087,19.7256198097937,25.1918544491332,9.9711190555487,29.9933379841287,0.159302458093761,4.33645587124434,63
200,8,0,114.74726605289,20.196966181216,26.4854672523772,9.97014469460114,30.0051440442533,0.207011839275469,4.20150606869445,64
200,8,0,112.486542553116,20.6947804748553,27.8063008428982,9.97400344770133,30.0131360572952,0.259085918479245,4.08473969055269,65
200,8,0,110.18278921818,21.2956131148326,29.1533148603429,9.98101048773103,30.0177700064902,0.314090688802348,3.99212906311433,66
200,8,0,107.833377531117,22.0209940120313,30.525448107543,9.98994432134101,30.0194943004502,0.36937239335558,3.92771506902765,67
200,8,0,105.438054686236,22.8664488096706,31.9216142826511,9.99973241525733,30.0187520056468,0.421587953946934,3.89324218758947,68
200,8,0,103.004232196562,23.7790798129237,33.3406428446601,10.009560740639,30.0159718210396,0.46640711901866,3.88169595141499,69
200,8,0,100.541623381271,24.6941129597124,34.7813361131523,10.0186178358789,30.0115761607679,0.501316700642901,3.87822924298901,70
200,8,0,98.0614844654376,25.5476920569997,36.2424720892269,10.0258440038714,30.005976667202,0.524942457998516,3.86752532175124,71
200,8,0,95.5744206811603,26.2922777992898,37.722826671178,10.03003467487,29.9995809144485,0.538264491255168,3.83840806265187,72
200,8,0,93.0866335185927,26.9509097280442,39.22119464515,10.0295257911162,29.9927915892447,0.543329039401619,3.78273211270334,73
200,8,0,90.6022602918788,27.5876314683405,40.7363866964508,10.0220575493037,29.9860124586679,0.543549916868433,3.70126768216379,74
200,8,0,88.1249701598017,28.2660390610271,42.2672357595868,10.0051341123621,29.9796505711292,0.540647936282439,3.60051296150387,75
200,8,0,85.657587116259,29.0230215466993,43.8126518435108,9.9758284399461,29.9741236447129,0.535167517805752,3.48840681461598,76
200,8,0,83.2021408440581,29.8795686574553,45.3715889984453,9.93113204091726,29.9698548245248,0.525118067116767,3.37491843705157,77
200,8,0,80.7591278112186,30.8153811296799,46.9431046604137,9.86846529986871,29.9672825042047,0.507901217682388,3.2701040321729,78
200,8,0,78.3316569246352,31.7833420934107,48.5262982187624,9.78656885393489,29.9668646774769,0.481527996645971,3.18190980624099,79
200,8,0,75.9230379595705,32.7309982363405,50.1202976369512,9.68572536135409,29.9690697478093,0.446057284715037,3.11615060367089,80
200,8,0,73.534188706016,33.6021455246975,51.7243279942297,9.57109166226422,29.9743909171627,0.402708344682086,3.07740252984861,81
200,8,0,71.1640064634527,34.3554414702769,53.3376557449183,9.45098020228045,29.9833310380429,0.355320095524808,3.06699752078605,82
200,8,0,68.8064673780774,35.017960656285,54.9596119958046,9.33942830905644,29.9964083983708,0.308431032205474,3.08459907711786,83
200,8,0,66.4572003958462,35.6534575625769,56.5895300216913,9.24431693836494,30.014151263901,0.266421978274257,3.12516991518788,84
200,8,0,64.1134413978483,36.3229308329437,58.2267487183158,9.17012285753229,30.0370875930722,0.232373142558714,3.17773050968209,85
200,8,0,61.7757787117554,37.0554750962053,59.870644393265,9.11579951198248,30.0657375881458,0.20875252897652,3.23101847694781,86
200,8,0,59.4459855850761,37.8615477389319,61.5206191827706,9.07831932533725,30.1006064267728,0.196924598466721,3.2777248486022,87
200,8,0,57.1272224980844,38.7089611936649,63.1761411257968,9.05225395591167,30.142146944338,0.197821742615178,3.31311721827758,88
200,8,0,54.8235214973507,39.5484925470295,64.8367011402065,9.03134621097004,30.190783179996,0.211594580440034,3.33989469084951,89
200,8,0,52.5401181185911,40.3131491068455,66.5018270252846,9.0083121889414,30.2468512039218,0.237609394816442,3.36665929320065,90
200,8,0,50.2791904825392,40.9604706768505,68.1710980577666,8.97519104877535,30.3105708703236,0.274792899420761,3.40213323461942,91
200,8,0,48.0407888115528,41.4715531035481,69.84411804635,8.92411353715193,30.3820756755779,0.320941683668626,3.45120474020775,92
200,8,0,45.8200339075732,41.8908098011785,71.5205438533481,8.84802503142843,30.4612541900343,0.373224343268081,3.51622875738608,93
200,8,0,43.610695037048,42.2839155742489,73.2000491561999,8.7402992940461,30.5478873553355,0.427458715777336,3.59345924462095,94
200,8,0,41.4059531220018,42.7297540091653,74.8823359060327,8.59679419966792,30.641483158342,0.479241545791426,3.67836792908608,95
200,8,0,39.1984234126117,43.2785638449382,76.5671658728976,8.41993316062334,30.7411537247893,0.524809847081084,3.76665359274037,96
200,8,0,36.9815760728024,43.956308782484,78.2543233790862,8.21545743589311,30.8458346853594,0.562837340440588,3.85413068634111,97
200,8,0,34.7527474129451,44.7259292160685,79.9436266886502,7.99603886081143,30.9541051544464,0.593111520823924,3.93588119834638,98
200,8,0,32.5107678193343,45.5315360263694,81.6349040597984,7.77593117315593,31.0644723727248,0.617315289694819,4.00448878402558,99
200,8,0,30.2565778355106,46.30494534636,83.3279897856063,7.56878514412471,31.1755126022787,0.637144213498604,4.05396445837697,100
200,8,0,27.9907442098447,46.9828662218133,85.0227276288584,7.38735967728005,31.285871294307,0.653742560786335,4.07997761002434,101
200,8,0,25.709717097873,47.5461806236401,86.7189915657172,7.23973030567103,31.3945029956469,0.666541340954181,4.08264238286604,102
200,8,0,23.4070003010191,48.0329632274216,88.4166570109721,7.12635597015736,31.5008196292553,0.674859201129893,4.06520299373322,103
200,8,0,21.0764333614633,48.4931433957483,90.1155896044327,7.04523777808633,31.6044288332607,0.679584585666947,4.03829751508705,104
200,8,0,18.7152438040438,48.9748431343039,91.8156224083544,6.99142096895408,31.7053156641196,0.683145840017269,4.01185618019591,105
200,8,0,16.3217345760755,49.522241552029,93.5165828781625,6.95920717567044,31.803601155259,0.688349535994125,3.99394762599621,106
200,8,0,13.8959413500189,50.1608636924827,95.2183068876086,6.94307218077044,31.8995918098651,0.698291202277997,3.9879208274035,107
200,8,0,11.4414042967364,50.8939842004461,96.9206259203784,6.93825795964276,31.9937116743239,0.715387024216143,3.9950465289331,108
200,8,0,8.96335833761588,51.7120433332976,98.623372285033,6.94053336227069,32.0864075929877,0.738861365908417,4.01312007537816,109
200,8,0,6.47054132455475,52.5729031400679,100.326388517261,6.94700390453869,32.1781416812633,0.766445044715465,4.03950993606861,110
200,8,0,3.97147731351219,53.4345961034944,102.029534964943,6.95538594020952,32.2693469112969,0.795941087581402,4.07164213563852,111
