"S","A","R","P","C","dS","dA","dR","dP","dC","Q","N","uc_F","lc_f","mu","lmda","phi","kappa","epsilon","t"
11.0759,57.82634,0.01535,168.93631,0,8.94335,-11.06681,0.00951,0,0,1,240.46804,0.29747,0.12354,0.19136,0.05852,0.12073,0.00043,0.01,1
20.01925,46.75953,0.02486,168.93631,0,7.22687,-8.94956,0.01317,0,0,1,240.46804,0.29747,0.12354,0.19136,0.05852,0.12073,0.00043,0.01,2
27.24612,37.80997,0.03803,168.93631,0,5.83873,-7.23771,0.01645,0,0,1,240.46804,0.29747,0.12354,0.19136,0.05852,0.12073,0.00043,0.01,3
33.08485,30.57226,0.05448,168.93631,0,4.71604,-5.85363,0.01944,0,0,1,240.46804,0.29747,0.12354,0.19136,0.05852,0.12073,0.00043,0.01,4
37.80089,24.71863,0.07392,168.93631,0,3.80797,-4.73458,0.02221,0,0,1,240.46804,0.29747,0.12354,0.19136,0.05852,0.12073,0.00043,0.01,5
41.60886,19.98405,0.09613,168.93631,0,3.07345,-3.82984,0.02481,0,0,1,240.46804,0.29747,0.12354,0.19136,0.05852,0.12073,0.00043,0.01,6
44.68231,16.15421,0.12094,168.93631,0,2.47921,-3.09836,0.0273,0,0,1,240.46804,0.29747,0.12354,0.19136,0.05852,0.12073,0.00043,0.01,7
47.16152,13.05585,0.14824,168.93631,0,1.99838,-2.50701,0.0297,0,0,1,240.46804,0.29747,0.12354,0.19136,0.05852,0.12073,0.00043,0.01,8
49.1599,10.54884,0.17794,168.93631,0,1.60927,-2.02891,0.03204,0,0,1,240.46804,0.29747,0.12354,0.19136,0.05852,0.12073,0.00043,0.01,9
50.76917,8.51993,0.20998,168.93631,0,1.29428,-1.64241,0.03432,0,0,1,240.46804,0.29747,0.12354,0.19136,0.05852,0.12073,0.00043,0.01,10
52.06345,6.87752,0.2443,168.93631,0,1.03922,-1.32992,0.03653,0,0,1,240.46804,0.29747,0.12354,0.19136,0.05852,0.12073,0.00043,0.01,11
53.10267,5.5476,0.28083,168.93631,0,0.832619999999999,-1.07725,0.03866,0,0,1,240.46804,0.29747,0.12354,0.19136,0.05852,0.12073,0.00043,0.01,12
53.93529,4.47035,0.31949,168.93631,0,0.665230000000001,-0.87292,0.04066,0,0,1,240.46804,0.29747,0.12354,0.19136,0.05852,0.12073,0.00043,0.01,13
54.60052,3.59743,0.36015,168.93631,0,0.529529999999994,-0.70758,0.04245,0,0,1,240.46804,0.29747,0.12354,0.19136,0.05852,0.12073,0.00043,0.01,14
55.13005,2.88985,0.4026,168.93631,0,0.419510000000002,-0.57369,0.04397,0,0,1,240.46804,0.29747,0.12354,0.19136,0.05852,0.12073,0.00043,0.01,15
55.54956,2.31616,0.44657,168.93631,0,0.330330000000004,-0.46514,0.04509,0,0,1,240.46804,0.29747,0.12354,0.19136,0.05852,0.12073,0.00043,0.01,16
55.87989,1.85102,0.49166,168.93631,0,0.258049999999997,-0.37696,0.04572,0,0,1,240.46804,0.29747,0.12354,0.19136,0.05852,0.12073,0.00043,0.01,17
56.13794,1.47406,0.53738,168.93631,0,0.199550000000002,-0.30513,0.04577,0,0,1,240.46804,0.29747,0.12354,0.19136,0.05852,0.12073,0.00043,0.01,18
56.33749,1.16893,0.58315,168.93631,0,0.152290000000001,-0.24646,0.0452100000000001,0,0,1,240.46804,0.29747,0.12354,0.19136,0.05852,0.12073,0.00043,0.01,19
56.48978,0.92247,0.62836,168.93631,0,0.114269999999998,-0.1984,0.04403,0,0,1,240.46804,0.29747,0.12354,0.19136,0.05852,0.12073,0.00043,0.01,20
56.60405,0.72407,0.67239,168.93631,0,0.0837900000000005,-0.15896,0.04236,0,0,1,240.46804,0.29747,0.12354,0.19136,0.05852,0.12073,0.00043,0.01,21
56.68784,0.56511,0.71475,168.93631,0,0.0595299999999952,-0.12661,0.04031,0,0,1,240.46804,0.29747,0.12354,0.19136,0.05852,0.12073,0.00043,0.01,22
56.74737,0.4385,0.75506,168.93631,0,0.0403400000000005,-0.10015,0.0381,0,0,1,240.46804,0.29747,0.12354,0.19136,0.05852,0.12073,0.00043,0.01,23
56.78771,0.33835,0.79316,168.93631,0,0.0252800000000022,-0.07863,0.03588,0,0,1,240.46804,0.29747,0.12354,0.19136,0.05852,0.12073,0.00043,0.01,24
56.81299,0.25972,0.82904,168.93631,0,0.013539999999999,-0.06127,0.03382,0,0,1,240.46804,0.29747,0.12354,0.19136,0.05852,0.12073,0.00043,0.01,25
56.82653,0.19845,0.86286,168.93631,0,0.00446000000000168,-0.04742,0.03196,0,0,1,240.46804,0.29747,0.12354,0.19136,0.05852,0.12073,0.00043,0.01,26
56.83099,0.15103,0.89482,168.93631,0,-0.00251999999999697,-0.03646,0.03039,0,0,1,240.46804,0.29747,0.12354,0.19136,0.05852,0.12073,0.00043,0.01,27
56.82847,0.11457,0.92521,168.93631,0,-0.00786000000000087,-0.02789,0.02908,0,0,1,240.46804,0.29747,0.12354,0.19136,0.05852,0.12073,0.00043,0.01,28
56.82061,0.08668,0.95429,168.93631,0,-0.0119200000000035,-0.02124,0.02802,0,0,1,240.46804,0.29747,0.12354,0.19136,0.05852,0.12073,0.00043,0.01,29
56.80869,0.06544,0.98231,168.93631,0,-0.0149899999999974,-0.01611,0.0271699999999999,-0.106179999999995,0.10618,1,240.46804,0.29747,0.12354,0.19136,0.05852,0.12073,0.00043,0.01,30
56.7937,0.04933,1.00948,168.83013,0.10618,-0.0239699999999985,-0.00944,0.03159,-0.109479999999991,0.10948,1,240.46804,0.29747,0.12354,0.19136,0.05852,0.12073,0.00043,0.01,31
56.76973,0.03989,1.04107,168.72065,0.21566,-0.0256400000000028,-0.00764,0.0318000000000001,-0.112809999999996,0.11281,1,240.46804,0.29747,0.12354,0.19136,0.05852,0.12073,0.00043,0.01,32
56.74409,0.03225,1.07287,168.60784,0.32847,-0.0270200000000003,-0.00617,0.0320100000000001,-0.116140000000001,0.11614,1,240.46804,0.29747,0.12354,0.19136,0.05852,0.12073,0.00043,0.01,33
56.71707,0.02608,1.10488,168.4917,0.44461,-0.0281999999999982,-0.00499,0.0322199999999999,-0.11951000000002,0.11951,1,240.46804,0.29747,0.12354,0.19136,0.05852,0.12073,0.00043,0.01,34
56.68887,0.02109,1.1371,168.37219,0.56412,-0.0291800000000038,-0.00404,0.03243,-0.122899999999987,0.1229,1,240.46804,0.29747,0.12354,0.19136,0.05852,0.12073,0.00043,0.01,35
56.65969,0.01705,1.16953,168.24929,0.68702,-0.0300099999999972,-0.00326,0.03264,-0.126300000000015,0.1263,1,240.46804,0.29747,0.12354,0.19136,0.05852,0.12073,0.00043,0.01,36
56.62968,0.01379,1.20217,168.12299,0.81332,-0.0307400000000015,-0.00264,0.03285,-0.129729999999995,0.12972,1,240.46804,0.29747,0.12354,0.19136,0.05852,0.12073,0.00043,0.01,37
56.59894,0.01115,1.23502,167.99326,0.94304,-0.0313499999999962,-0.00213,0.0330699999999999,-0.133169999999978,0.13317,1,240.46804,0.29747,0.12354,0.19136,0.05852,0.12073,0.00043,0.01,38
56.56759,0.00902,1.26809,167.86009,1.07621,-0.0319100000000034,-0.00173,0.03329,-0.13664,0.13664,1,240.46804,0.29747,0.12354,0.19136,0.05852,0.12073,0.00043,0.01,39
56.53568,0.00729,1.30138,167.72345,1.21285,-0.0323799999999963,-0.00139,0.0335000000000001,-0.140130000000028,0.14013,1,240.46804,0.29747,0.12354,0.19136,0.05852,0.12073,0.00043,0.01,40
56.5033,0.0059,1.33488,167.58332,1.35298,-0.032820000000001,-0.00113,0.0337099999999999,-0.143639999999976,0.14364,1,240.46804,0.29747,0.12354,0.19136,0.05852,0.12073,0.00043,0.01,41
56.47048,0.00477,1.36859,167.43968,1.49662,-0.033210000000004,-0.00091,0.0339400000000001,-0.147170000000017,0.14717,1,240.46804,0.29747,0.12354,0.19136,0.05852,0.12073,0.00043,0.01,42
56.43727,0.00386,1.40253,167.29251,1.64379,-0.0335800000000006,-0.00074,0.0341499999999999,-0.150720000000007,0.15072,1,240.46804,0.29747,0.12354,0.19136,0.05852,0.12073,0.00043,0.01,43
56.40369,0.00312,1.43668,167.14179,1.79451,-0.0338999999999956,-6e-04,0.0343800000000001,-0.154299999999978,0.1543,1,240.46804,0.29747,0.12354,0.19136,0.05852,0.12073,0.00043,0.01,44
56.36979,0.00252,1.47106,166.98749,1.94881,-0.0342200000000048,-0.00048,0.0345899999999999,-0.157890000000009,0.15789,1,240.46804,0.29747,0.12354,0.19136,0.05852,0.12073,0.00043,0.01,45
56.33557,0.00204,1.50565,166.8296,2.1067,-0.0345200000000006,-0.00039,0.0348200000000001,-0.161509999999993,0.16151,1,240.46804,0.29747,0.12354,0.19136,0.05852,0.12073,0.00043,0.01,46
56.30105,0.00165,1.54047,166.66809,2.26821,-0.0347999999999971,-0.00032,0.03504,-0.165140000000008,0.16514,1,240.46804,0.29747,0.12354,0.19136,0.05852,0.12073,0.00043,0.01,47
56.26625,0.00133,1.57551,166.50295,2.43335,-0.0350800000000007,-0.00025,0.0352700000000001,-0.168810000000008,0.1688,1,240.46804,0.29747,0.12354,0.19136,0.05852,0.12073,0.00043,0.01,48
56.23117,0.00108,1.61078,166.33414,2.60215,-0.0353399999999979,-0.00021,0.0354899999999998,-0.172489999999982,0.17249,1,240.46804,0.29747,0.12354,0.19136,0.05852,0.12073,0.00043,0.01,49
56.19583,0.00087,1.64627,166.16165,2.77464,-0.0356000000000023,-0.00017,0.0357200000000002,-0.17619000000002,0.17619,1,240.46804,0.29747,0.12354,0.19136,0.05852,0.12073,0.00043,0.01,50
56.16023,7e-04,1.68199,165.98546,2.95083,-0.0358499999999964,-0.00013,0.0359499999999999,-0.179909999999978,0.17991,1,240.46804,0.29747,0.12354,0.19136,0.05852,0.12073,0.00043,0.01,51
56.12438,0.00057,1.71794,165.80555,3.13074,-0.0361100000000008,-0.00011,0.0361799999999999,-0.183660000000003,0.18366,1,240.46804,0.29747,0.12354,0.19136,0.05852,0.12073,0.00043,0.01,52
56.08827,0.00046,1.75412,165.62189,3.3144,-0.0363499999999988,-9e-05,0.0364,-0.187440000000009,0.18743,1,240.46804,0.29747,0.12354,0.19136,0.05852,0.12073,0.00043,0.01,53
56.05192,0.00037,1.79052,165.43445,3.50183,-0.0365900000000039,-7e-05,0.03664,-0.191219999999987,0.19122,1,240.46804,0.29747,0.12354,0.19136,0.05852,0.12073,0.00043,0.01,54
56.01533,3e-04,1.82716,165.24323,3.69305,-0.036839999999998,-6e-05,0.0368700000000002,-0.195030000000003,0.19503,1,240.46804,0.29747,0.12354,0.19136,0.05852,0.12073,0.00043,0.01,55
55.97849,0.00024,1.86403,165.0482,3.88808,-0.0370899999999992,-4e-05,0.0370999999999999,-0.198869999999999,0.19887,1,240.46804,0.29747,0.12354,0.19136,0.05852,0.12073,0.00043,0.01,56
55.9414,2e-04,1.90113,164.84933,4.08695,-0.0373200000000011,-4e-05,0.0373399999999999,-0.202730000000003,0.20272,1,240.46804,0.29747,0.12354,0.19136,0.05852,0.12073,0.00043,0.01,57
55.90408,0.00016,1.93847,164.6466,4.28967,-0.0375700000000023,-3e-05,0.0375800000000002,-0.206610000000012,0.20661,1,240.46804,0.29747,0.12354,0.19136,0.05852,0.12073,0.00043,0.01,58
55.86651,0.00013,1.97605,164.43999,4.49628,-0.0377999999999972,-3e-05,0.0378100000000001,-0.210509999999999,0.21051,1,240.46804,0.29747,0.12354,0.19136,0.05852,0.12073,0.00043,0.01,59
55.82871,1e-04,2.01386,164.22948,4.70679,-0.0380499999999984,-2e-05,0.0380499999999997,-0.214439999999996,0.21443,1,240.46804,0.29747,0.12354,0.19136,0.05852,0.12073,0.00043,0.01,60
55.79066,8e-05,2.05191,164.01504,4.92122,-0.0382999999999996,-1e-05,0.0382800000000003,-0.218379999999996,0.21838,1,240.46804,0.29747,0.12354,0.19136,0.05852,0.12073,0.00043,0.01,61
55.75236,7e-05,2.09019,163.79666,5.1396,-0.0385300000000015,-9.99999999999999e-06,0.0385299999999997,-0.222350000000006,0.22235,1,240.46804,0.29747,0.12354,0.19136,0.05852,0.12073,0.00043,0.01,62
55.71383,6e-05,2.12872,163.57431,5.36195,-0.0387800000000027,-2e-05,0.03877,-0.226349999999996,0.22634,1,240.46804,0.29747,0.12354,0.19136,0.05852,0.12073,0.00043,0.01,63
55.67505,4e-05,2.16749,163.34796,5.58829,-0.0390200000000007,0,0.0390200000000003,-0.23035999999999,0.23036,1,240.46804,0.29747,0.12354,0.19136,0.05852,0.12073,0.00043,0.01,64
55.63603,4e-05,2.20651,163.1176,5.81865,-0.0392699999999948,-1e-05,0.03925,-0.234400000000022,0.23439,1,240.46804,0.29747,0.12354,0.19136,0.05852,0.12073,0.00043,0.01,65
55.59676,3e-05,2.24576,162.8832,6.05304,-0.0395200000000031,-1e-05,0.0395099999999999,-0.238459999999975,0.23846,1,240.46804,0.29747,0.12354,0.19136,0.05852,0.12073,0.00043,0.01,66
55.55724,2e-05,2.28527,162.64474,6.2915,-0.0397600000000011,0,0.0397399999999997,-0.242550000000023,0.24254,1,240.46804,0.29747,0.12354,0.19136,0.05852,0.12073,0.00043,0.01,67
55.51748,2e-05,2.32501,162.40219,6.53404,-0.0400100000000023,0,0.04,-0.246649999999988,0.24665,1,240.46804,0.29747,0.12354,0.19136,0.05852,0.12073,0.00043,0.01,68
55.47747,2e-05,2.36501,162.15554,6.78069,-0.0402599999999964,-1e-05,0.0402400000000003,-0.250779999999992,0.25077,1,240.46804,0.29747,0.12354,0.19136,0.05852,0.12073,0.00043,0.01,69
55.43721,1e-05,2.40525,161.90476,7.03146,-0.0405099999999976,0,0.0404999999999998,-0.254940000000005,0.25493,1,240.46804,0.29747,0.12354,0.19136,0.05852,0.12073,0.00043,0.01,70
55.3967,1e-05,2.44575,161.64982,7.28639,-0.0407600000000059,0,0.04074,-0.259109999999993,0.25911,1,240.46804,0.29747,0.12354,0.19136,0.05852,0.12073,0.00043,0.01,71
55.35594,1e-05,2.48649,161.39071,7.5455,-0.04101,0,0.0409999999999999,-0.263310000000018,0.263310000000001,1,240.46804,0.29747,0.12354,0.19136,0.05852,0.12073,0.00043,0.01,72
55.31493,1e-05,2.52749,161.1274,7.80881,-0.0412699999999973,0,0.0412500000000002,-0.267539999999997,0.26752,1,240.46804,0.29747,0.12354,0.19136,0.05852,0.12073,0.00043,0.01,73
55.27366,1e-05,2.56874,160.85986,8.07633,-0.0415199999999984,-1e-05,0.0415000000000001,-0.271780000000007,0.27178,1,240.46804,0.29747,0.12354,0.19136,0.05852,0.12073,0.00043,0.01,74
55.23214,0,2.61024,160.58808,8.34811,-0.0417699999999996,0,0.04176,-0.276049999999998,0.27604,1,240.46804,0.29747,0.12354,0.19136,0.05852,0.12073,0.00043,0.01,75
55.19037,0,2.652,160.31203,8.62415,-0.0420400000000001,0,0.0420099999999999,-0.280349999999999,0.280339999999999,1,240.46804,0.29747,0.12354,0.19136,0.05852,0.12073,0.00043,0.01,76
55.14833,0,2.69401,160.03168,8.90449,-0.0422900000000013,0,0.0422699999999998,-0.284660000000002,0.284660000000001,1,240.46804,0.29747,0.12354,0.19136,0.05852,0.12073,0.00043,0.01,77
55.10604,0,2.73628,159.74702,9.18915,-0.0425499999999985,0,0.0425300000000002,-0.288999999999987,0.28899,1,240.46804,0.29747,0.12354,0.19136,0.05852,0.12073,0.00043,0.01,78
55.06349,0,2.77881,159.45802,9.47814,-0.0427999999999997,0,0.0427900000000001,-0.29337000000001,0.29336,1,240.46804,0.29747,0.12354,0.19136,0.05852,0.12073,0.00043,0.01,79
55.02069,0,2.8216,159.16465,9.7715,-0.0430700000000002,0,0.04305,-0.297750000000008,0.297740000000001,1,240.46804,0.29747,0.12354,0.19136,0.05852,0.12073,0.00043,0.01,80
54.97762,0,2.86465,158.8669,10.06924,-0.0433400000000006,0,0.04332,-0.30216999999999,0.302149999999999,1,240.46804,0.29747,0.12354,0.19136,0.05852,0.12073,0.00043,0.01,81
54.93428,0,2.90797,158.56473,10.37139,-0.0435900000000018,0,0.0435699999999999,-0.306600000000003,0.30659,1,240.46804,0.29747,0.12354,0.19136,0.05852,0.12073,0.00043,0.01,82
54.89069,0,2.95154,158.25813,10.67798,-0.0438600000000022,0,0.0438399999999999,-0.311059999999998,0.31105,1,240.46804,0.29747,0.12354,0.19136,0.05852,0.12073,0.00043,0.01,83
54.84683,0,2.99538,157.94707,10.98903,-0.0441299999999956,0,0.0441099999999999,-0.315529999999995,0.315530000000001,1,240.46804,0.29747,0.12354,0.19136,0.05852,0.12073,0.00043,0.01,84
54.8027,0,3.03949,157.63154,11.30456,-0.0443899999999999,0,0.0443700000000002,-0.320050000000009,0.320029999999999,1,240.46804,0.29747,0.12354,0.19136,0.05852,0.12073,0.00043,0.01,85
54.75831,0,3.08386,157.31149,11.62459,-0.0446600000000004,0,0.0446399999999998,-0.324579999999997,0.32456,1,240.46804,0.29747,0.12354,0.19136,0.05852,0.12073,0.00043,0.01,86
54.71365,0,3.1285,156.98691,11.94915,-0.0449300000000008,0,0.0449100000000002,-0.329129999999992,0.32912,1,240.46804,0.29747,0.12354,0.19136,0.05852,0.12073,0.00043,0.01,87
54.66872,0,3.17341,156.65778,12.27827,-0.0452000000000012,0,0.0451799999999998,-0.333699999999993,0.333690000000001,1,240.46804,0.29747,0.12354,0.19136,0.05852,0.12073,0.00043,0.01,88
54.62352,0,3.21859,156.32408,12.61196,-0.0454700000000017,0,0.0454500000000002,-0.338310000000007,0.338290000000001,1,240.46804,0.29747,0.12354,0.19136,0.05852,0.12073,0.00043,0.01,89
54.57805,0,3.26404,155.98577,12.95025,-0.045739999999995,0,0.0457199999999998,-0.342929999999996,0.342919999999999,1,240.46804,0.29747,0.12354,0.19136,0.05852,0.12073,0.00043,0.01,90
54.53231,0,3.30976,155.64284,13.29317,-0.0460100000000025,0,0.0459900000000002,-0.347589999999997,0.347569999999999,1,240.46804,0.29747,0.12354,0.19136,0.05852,0.12073,0.00043,0.01,91
54.4863,0,3.35575,155.29525,13.64074,-0.0462899999999991,0,0.0462699999999998,-0.352249999999998,0.35223,1,240.46804,0.29747,0.12354,0.19136,0.05852,0.12073,0.00043,0.01,92
54.44001,0,3.40202,154.943,13.99297,-0.0465700000000027,0,0.0465500000000003,-0.356950000000012,0.35694,1,240.46804,0.29747,0.12354,0.19136,0.05852,0.12073,0.00043,0.01,93
54.39344,0,3.44857,154.58605,14.34991,-0.046839999999996,0,0.0468199999999999,-0.361680000000007,0.361650000000001,1,240.46804,0.29747,0.12354,0.19136,0.05852,0.12073,0.00043,0.01,94
54.3466,0,3.49539,154.22437,14.71156,-0.0471199999999996,0,0.0470899999999999,-0.366410000000002,0.366399999999999,1,240.46804,0.29747,0.12354,0.19136,0.05852,0.12073,0.00043,0.01,95
54.29948,0,3.54248,153.85796,15.07796,-0.0474000000000032,0,0.04738,-0.371189999999984,0.371170000000001,1,240.46804,0.29747,0.12354,0.19136,0.05852,0.12073,0.00043,0.01,96
54.25208,0,3.58986,153.48677,15.44913,-0.0476799999999997,0,0.04766,-0.375979999999998,0.375959999999999,1,240.46804,0.29747,0.12354,0.19136,0.05852,0.12073,0.00043,0.01,97
54.2044,0,3.63752,153.11079,15.82509,-0.0479599999999962,0,0.04793,-0.380800000000022,0.380770000000002,1,240.46804,0.29747,0.12354,0.19136,0.05852,0.12073,0.00043,0.01,98
54.15644,0,3.68545,152.72999,16.20586,-0.0482400000000069,0,0.0482200000000002,-0.385629999999992,0.38561,1,240.46804,0.29747,0.12354,0.19136,0.05852,0.12073,0.00043,0.01,99
54.1082,0,3.73367,152.34436,16.59147,-0.0485199999999963,0,0.0485099999999998,-0.390510000000006,0.39048,1,240.46804,0.29747,0.12354,0.19136,0.05852,0.12073,0.00043,0.01,100
54.05968,0,3.78218,151.95385,16.98195,-0.0488100000000031,0,0.0487800000000003,-0.395389999999992,0.39537,1,240.46804,0.29747,0.12354,0.19136,0.05852,0.12073,0.00043,0.01,101
54.01087,0,3.83096,151.55846,17.37732,-0.0490899999999996,0,0.0490699999999999,-0.400299999999987,0.400269999999999,1,240.46804,0.29747,0.12354,0.19136,0.05852,0.12073,0.00043,0.01,102
53.96178,0,3.88003,151.15816,17.77759,-0.0493899999999954,0,0.0493600000000001,-0.40524000000002,0.40521,1,240.46804,0.29747,0.12354,0.19136,0.05852,0.12073,0.00043,0.01,103
53.91239,0,3.92939,150.75292,18.1828,-0.0496600000000029,0,0.0496499999999997,-0.410199999999975,0.41018,1,240.46804,0.29747,0.12354,0.19136,0.05852,0.12073,0.00043,0.01,104
53.86273,0,3.97904,150.34272,18.59298,-0.0499599999999987,0,0.0499300000000003,-0.415180000000021,0.415150000000001,1,240.46804,0.29747,0.12354,0.19136,0.05852,0.12073,0.00043,0.01,105
53.81277,0,4.02897,149.92754,19.00813,-0.0502499999999984,0,0.0502199999999995,-0.420189999999991,0.420159999999999,1,240.46804,0.29747,0.12354,0.19136,0.05852,0.12073,0.00043,0.01,106
53.76252,0,4.07919,149.50735,19.42829,-0.050530000000002,0,0.0505100000000001,-0.425229999999999,0.425190000000001,1,240.46804,0.29747,0.12354,0.19136,0.05852,0.12073,0.00043,0.01,107
53.71199,0,4.1297,149.08212,19.85348,-0.0508299999999977,0,0.0508100000000002,-0.43028000000001,0.430249999999997,1,240.46804,0.29747,0.12354,0.19136,0.05852,0.12073,0.00043,0.01,108
53.66116,0,4.18051,148.65184,20.28373,-0.0511200000000045,0,0.0510999999999999,-0.43535,0.435320000000001,1,240.46804,0.29747,0.12354,0.19136,0.05852,0.12073,0.00043,0.01,109
53.61004,0,4.23161,148.21649,20.71905,-0.0514200000000002,0,0.0513900000000005,-0.440470000000005,0.44042,1,240.46804,0.29747,0.12354,0.19136,0.05852,0.12073,0.00043,0.01,110
53.55862,0,4.283,147.77602,21.15947,-0.0516999999999967,0,0.0516799999999993,-0.445579999999978,0.445550000000001,1,240.46804,0.29747,0.12354,0.19136,0.05852,0.12073,0.00043,0.01,111
53.50692,0,4.33468,147.33044,21.60502,-0.0520100000000028,0,0.0519800000000004,-0.450739999999996,0.450700000000001,1,240.46804,0.29747,0.12354,0.19136,0.05852,0.12073,0.00043,0.01,112
53.45491,0,4.38666,146.8797,22.05572,-0.0522999999999954,0,0.0522799999999997,-0.455910000000017,0.455870000000001,1,240.46804,0.29747,0.12354,0.19136,0.05852,0.12073,0.00043,0.01,113
53.40261,0,4.43894,146.42379,22.51159,-0.0526000000000053,0,0.0525700000000002,-0.461109999999991,0.46106,1,240.46804,0.29747,0.12354,0.19136,0.05852,0.12073,0.00043,0.01,114
53.35001,0,4.49151,145.96268,22.97265,-0.052899999999994,0,0.05288,-0.466329999999999,0.466289999999997,1,240.46804,0.29747,0.12354,0.19136,0.05852,0.12073,0.00043,0.01,115
53.29711,0,4.54439,145.49635,23.43894,-0.0532000000000039,0,0.0531699999999997,-0.471570000000014,0.471520000000002,1,240.46804,0.29747,0.12354,0.19136,0.05852,0.12073,0.00043,0.01,116
53.24391,0,4.59756,145.02478,23.91046,-0.0534999999999997,0,0.0534700000000008,-0.476839999999982,0.476790000000001,1,240.46804,0.29747,0.12354,0.19136,0.05852,0.12073,0.00043,0.01,117
53.19041,0,4.65103,144.54794,24.38725,-0.0538000000000025,0,0.0537799999999997,-0.482130000000012,0.48208,1,240.46804,0.29747,0.12354,0.19136,0.05852,0.12073,0.00043,0.01,118
53.13661,0,4.70481,144.06581,24.86933,-0.0540999999999983,0,0.0540799999999999,-0.487439999999992,0.487389999999998,1,240.46804,0.29747,0.12354,0.19136,0.05852,0.12073,0.00043,0.01,119
53.08251,0,4.75889,143.57837,25.35672,-0.0544099999999972,0,0.0543800000000001,-0.49278000000001,0.492720000000002,1,240.46804,0.29747,0.12354,0.19136,0.05852,0.12073,0.00043,0.01,120
53.0281,0,4.81327,143.08559,25.84944,-0.05471,0,0.0546800000000003,-0.498140000000006,0.498079999999998,1,240.46804,0.29747,0.12354,0.19136,0.05852,0.12073,0.00043,0.01,121
52.97339,0,4.86795,142.58745,26.34752,-0.055019999999999,0,0.0549899999999992,-0.503509999999977,0.50346,1,240.46804,0.29747,0.12354,0.19136,0.05852,0.12073,0.00043,0.01,122
52.91837,0,4.92294,142.08394,26.85098,-0.0553200000000018,0,0.0553000000000008,-0.508930000000021,0.508859999999999,1,240.46804,0.29747,0.12354,0.19136,0.05852,0.12073,0.00043,0.01,123
52.86305,0,4.97824,141.57501,27.35984,-0.0556300000000007,0,0.0556099999999997,-0.514349999999979,0.514290000000003,1,240.46804,0.29747,0.12354,0.19136,0.05852,0.12073,0.00043,0.01,124
52.80742,0,5.03385,141.06066,27.87413,-0.0559399999999997,0,0.0559099999999999,-0.51979,0.519729999999999,1,240.46804,0.29747,0.12354,0.19136,0.05852,0.12073,0.00043,0.01,125
52.75148,0,5.08976,140.54087,28.39386,-0.0562499999999986,0,0.0562199999999997,-0.525270000000006,0.525200000000002,1,240.46804,0.29747,0.12354,0.19136,0.05852,0.12073,0.00043,0.01,126
52.69523,0,5.14598,140.0156,28.91906,-0.0565600000000046,0,0.0565300000000004,-0.530770000000018,0.53069,1,240.46804,0.29747,0.12354,0.19136,0.05852,0.12073,0.00043,0.01,127
52.63867,0,5.20251,139.48483,29.44975,-0.0568699999999964,0,0.0568499999999998,-0.536270000000002,0.536199999999997,1,240.46804,0.29747,0.12354,0.19136,0.05852,0.12073,0.00043,0.01,128
52.5818,0,5.25936,138.94856,29.98595,-0.0571899999999985,0,0.05715,-0.541819999999973,0.541740000000001,1,240.46804,0.29747,0.12354,0.19136,0.05852,0.12073,0.00043,0.01,129
52.52461,0,5.31651,138.40674,30.52769,-0.0574900000000014,0,0.0574700000000004,-0.547370000000001,0.54729,1,240.46804,0.29747,0.12354,0.19136,0.05852,0.12073,0.00043,0.01,130
52.46712,0,5.37398,137.85937,31.07498,-0.0578100000000035,0,0.0577799999999993,-0.552960000000013,0.552869999999999,1,240.46804,0.29747,0.12354,0.19136,0.05852,0.12073,0.00043,0.01,131
52.40931,0,5.43176,137.30641,31.62785,-0.0581299999999985,0,0.0581000000000005,-0.55856,0.558470000000003,1,240.46804,0.29747,0.12354,0.19136,0.05852,0.12073,0.00043,0.01,132
52.35118,0,5.48986,136.74785,32.18632,-0.0584399999999974,0,0.0584099999999994,-0.56416999999999,0.56409,1,240.46804,0.29747,0.12354,0.19136,0.05852,0.12073,0.00043,0.01,133
52.29274,0,5.54827,136.18368,32.75041,-0.0587599999999995,0,0.0587300000000006,-0.569829999999996,0.56973,1,240.46804,0.29747,0.12354,0.19136,0.05852,0.12073,0.00043,0.01,134
52.23398,0,5.607,135.61385,33.32014,-0.0590700000000055,0,0.05905,-0.575480000000027,0.575379999999996,1,240.46804,0.29747,0.12354,0.19136,0.05852,0.12073,0.00043,0.01,135
52.17491,0,5.66605,135.03837,33.89552,-0.0593999999999966,0,0.0593599999999999,-0.581179999999989,0.581070000000004,1,240.46804,0.29747,0.12354,0.19136,0.05852,0.12073,0.00043,0.01,136
52.11551,0,5.72541,134.45719,34.47659,-0.0597100000000026,0,0.0596800000000002,-0.586870000000005,0.586779999999997,1,240.46804,0.29747,0.12354,0.19136,0.05852,0.12073,0.00043,0.01,137
52.0558,0,5.78509,133.87032,35.06337,-0.0600299999999976,0,0.0599999999999996,-0.592609999999979,0.592489999999998,1,240.46804,0.29747,0.12354,0.19136,0.05852,0.12073,0.00043,0.01,138
51.99577,0,5.84509,133.27771,35.65586,-0.0603600000000029,0,0.0603300000000004,-0.598340000000007,0.598230000000001,1,240.46804,0.29747,0.12354,0.19136,0.05852,0.12073,0.00043,0.01,139
51.93541,0,5.90542,132.67937,36.25409,-0.0606699999999947,0,0.0606399999999994,-0.60411000000002,0.603990000000003,1,240.46804,0.29747,0.12354,0.19136,0.05852,0.12073,0.00043,0.01,140
51.87474,0,5.96606,132.07526,36.85808,-0.0609999999999999,0,0.0609700000000002,-0.609899999999982,0.609780000000001,1,240.46804,0.29747,0.12354,0.19136,0.05852,0.12073,0.00043,0.01,141
51.81374,0,6.02703,131.46536,37.46786,-0.061320000000002,0,0.0612900000000005,-0.615700000000004,0.615569999999998,1,240.46804,0.29747,0.12354,0.19136,0.05852,0.12073,0.00043,0.01,142
51.75242,0,6.08832,130.84966,38.08343,-0.0616400000000041,0,0.0616099999999999,-0.621520000000004,0.621380000000002,1,240.46804,0.29747,0.12354,0.19136,0.05852,0.12073,0.00043,0.01,143
51.69078,0,6.14993,130.22814,38.70481,-0.0619699999999952,0,0.0619399999999999,-0.62736000000001,0.627220000000001,1,240.46804,0.29747,0.12354,0.19136,0.05852,0.12073,0.00043,0.01,144
51.62881,0,6.21187,129.60078,39.33203,-0.0622900000000044,0,0.0622600000000002,-0.633219999999994,0.63308,1,240.46804,0.29747,0.12354,0.19136,0.05852,0.12073,0.00043,0.01,145
51.56652,0,6.27413,128.96756,39.96511,-0.0626299999999986,0,0.0625899999999993,-0.639089999999982,0.638939999999998,1,240.46804,0.29747,0.12354,0.19136,0.05852,0.12073,0.00043,0.01,146
51.50389,0,6.33672,128.32847,40.60405,-0.0629399999999976,0,0.0629100000000005,-0.644990000000007,0.644840000000002,1,240.46804,0.29747,0.12354,0.19136,0.05852,0.12073,0.00043,0.01,147
51.44095,0,6.39963,127.68348,41.24889,-0.0632799999999989,0,0.0632399999999995,-0.650900000000007,0.650739999999999,1,240.46804,0.29747,0.12354,0.19136,0.05852,0.12073,0.00043,0.01,148
51.37767,0,6.46287,127.03258,41.89963,-0.063600000000001,0,0.0635700000000003,-0.656819999999996,0.656649999999999,1,240.46804,0.29747,0.12354,0.19136,0.05852,0.12073,0.00043,0.01,149
51.31407,0,6.52644,126.37576,42.55628,-0.0639299999999992,0,0.0639000000000003,-0.662769999999995,0.662599999999998,1,240.46804,0.29747,0.12354,0.19136,0.05852,0.12073,0.00043,0.01,150
51.25014,0,6.59034,125.71299,43.21888,-0.0642700000000005,0,0.0642299999999993,-0.668730000000011,0.668550000000003,1,240.46804,0.29747,0.12354,0.19136,0.05852,0.12073,0.00043,0.01,151
51.18587,0,6.65457,125.04426,43.88743,-0.0645900000000026,0,0.0645600000000002,-0.67470999999999,0.674520000000001,1,240.46804,0.29747,0.12354,0.19136,0.05852,0.12073,0.00043,0.01,152
51.12128,0,6.71913,124.36955,44.56195,-0.0649200000000008,0,0.0648900000000001,-0.680689999999998,0.680499999999995,1,240.46804,0.29747,0.12354,0.19136,0.05852,0.12073,0.00043,0.01,153
51.05636,0,6.78402,123.68886,45.24245,-0.065259999999995,0,0.0652200000000001,-0.686700000000002,0.686500000000002,1,240.46804,0.29747,0.12354,0.19136,0.05852,0.12073,0.00043,0.01,154
50.9911,0,6.84924,123.00216,45.92895,-0.0655800000000042,0,0.06555,-0.692720000000008,0.692509999999999,1,240.46804,0.29747,0.12354,0.19136,0.05852,0.12073,0.00043,0.01,155
50.92552,0,6.91479,122.30944,46.62146,-0.0659199999999984,0,0.0658900000000004,-0.698759999999993,0.698540000000001,1,240.46804,0.29747,0.12354,0.19136,0.05852,0.12073,0.00043,0.01,156
50.8596,0,6.98068,121.61068,47.32,-0.0662599999999998,0,0.0662199999999995,-0.704800000000006,0.704569999999997,1,240.46804,0.29747,0.12354,0.19136,0.05852,0.12073,0.00043,0.01,157
50.79334,0,7.0469,120.90588,48.02457,-0.0665899999999979,0,0.0665500000000003,-0.710859999999997,0.710630000000002,1,240.46804,0.29747,0.12354,0.19136,0.05852,0.12073,0.00043,0.01,158
50.72675,0,7.11345,120.19502,48.7352,-0.0669200000000032,0,0.0668899999999999,-0.716930000000005,0.71669,1,240.46804,0.29747,0.12354,0.19136,0.05852,0.12073,0.00043,0.01,159
50.65983,0,7.18034,119.47809,49.45189,-0.0672599999999974,0,0.0672199999999998,-0.723009999999988,0.722760000000001,1,240.46804,0.29747,0.12354,0.19136,0.05852,0.12073,0.00043,0.01,160
50.59257,0,7.24756,118.75508,50.17465,-0.0675900000000027,0,0.0675499999999998,-0.729110000000006,0.728850000000001,1,240.46804,0.29747,0.12354,0.19136,0.05852,0.12073,0.00043,0.01,161
50.52498,0,7.31511,118.02597,50.9035,-0.0679299999999969,0,0.0678999999999998,-0.735219999999998,0.734940000000002,1,240.46804,0.29747,0.12354,0.19136,0.05852,0.12073,0.00043,0.01,162
50.45705,0,7.38301,117.29075,51.63844,-0.0682700000000054,0,0.0682300000000007,-0.741330000000005,0.741049999999994,1,240.46804,0.29747,0.12354,0.19136,0.05852,0.12073,0.00043,0.01,163
50.38878,0,7.45124,116.54942,52.37949,-0.0685999999999964,0,0.0685599999999997,-0.747450000000001,0.747160000000001,1,240.46804,0.29747,0.12354,0.19136,0.05852,0.12073,0.00043,0.01,164
50.32018,0,7.5198,115.80197,53.12665,-0.068950000000001,0,0.0689099999999998,-0.753590000000003,0.75329,1,240.46804,0.29747,0.12354,0.19136,0.05852,0.12073,0.00043,0.01,165
50.25123,0,7.58871,115.04838,53.87994,-0.0692799999999991,0,0.0692399999999997,-0.759720000000002,0.759410000000003,1,240.46804,0.29747,0.12354,0.19136,0.05852,0.12073,0.00043,0.01,166
50.18195,0,7.65795,114.28866,54.63935,-0.0696200000000005,0,0.0695800000000002,-0.765879999999996,0.765549999999998,1,240.46804,0.29747,0.12354,0.19136,0.05852,0.12073,0.00043,0.01,167
50.11233,0,7.72753,113.52278,55.4049,-0.0699600000000018,0,0.0699200000000006,-0.772030000000001,0.77169,1,240.46804,0.29747,0.12354,0.19136,0.05852,0.12073,0.00043,0.01,168
50.04237,0,7.79745,112.75075,56.17659,-0.070299999999996,0,0.0702599999999993,-0.778189999999995,0.777830000000002,1,240.46804,0.29747,0.12354,0.19136,0.05852,0.12073,0.00043,0.01,169
49.97207,0,7.86771,111.97256,56.95442,-0.0706300000000013,0,0.0706000000000007,-0.784360000000007,0.783990000000003,1,240.46804,0.29747,0.12354,0.19136,0.05852,0.12073,0.00043,0.01,170
49.90144,0,7.93831,111.1882,57.73841,-0.0709799999999987,0,0.0709399999999993,-0.790520000000001,0.790149999999997,1,240.46804,0.29747,0.12354,0.19136,0.05852,0.12073,0.00043,0.01,171
49.83046,0,8.00925,110.39768,58.52856,-0.0713200000000001,0,0.0712799999999998,-0.796699999999987,0.796300000000002,1,240.46804,0.29747,0.12354,0.19136,0.05852,0.12073,0.00043,0.01,172
49.75914,0,8.08053,109.60098,59.32486,-0.0716700000000046,0,0.0716200000000011,-0.802870000000013,0.802459999999996,1,240.46804,0.29747,0.12354,0.19136,0.05852,0.12073,0.00043,0.01,173
49.68747,0,8.15215,108.79811,60.12732,-0.0719999999999956,0,0.0719599999999989,-0.809049999999999,0.808620000000005,1,240.46804,0.29747,0.12354,0.19136,0.05852,0.12073,0.00043,0.01,174
49.61547,0,8.22411,107.98906,60.93594,-0.0723500000000001,0,0.0723099999999999,-0.815219999999997,0.814779999999999,1,240.46804,0.29747,0.12354,0.19136,0.05852,0.12073,0.00043,0.01,175
49.54312,0,8.29642,107.17384,61.75072,-0.0726799999999983,0,0.0726399999999998,-0.821399999999997,0.82094,1,240.46804,0.29747,0.12354,0.19136,0.05852,0.12073,0.00043,0.01,176
49.47044,0,8.36906,106.35244,62.57166,-0.0730300000000028,0,0.0729900000000008,-0.827569999999994,0.827100000000002,1,240.46804,0.29747,0.12354,0.19136,0.05852,0.12073,0.00043,0.01,177
49.39741,0,8.44205,105.52487,63.39876,-0.0733800000000002,0,0.0733300000000003,-0.833740000000006,0.83325,1,240.46804,0.29747,0.12354,0.19136,0.05852,0.12073,0.00043,0.01,178
49.32403,0,8.51538,104.69113,64.23201,-0.0737099999999984,0,0.0736699999999999,-0.839910000000003,0.839389999999995,1,240.46804,0.29747,0.12354,0.19136,0.05852,0.12073,0.00043,0.01,179
49.25032,0,8.58905,103.85122,65.0714,-0.0740600000000029,0,0.0740199999999991,-0.846080000000001,0.84554,1,240.46804,0.29747,0.12354,0.19136,0.05852,0.12073,0.00043,0.01,180
49.17626,0,8.66307,103.00514,65.91694,-0.0744100000000003,0,0.0743600000000004,-0.852220000000003,0.851669999999999,1,240.46804,0.29747,0.12354,0.19136,0.05852,0.12073,0.00043,0.01,181
49.10185,0,8.73743,102.15292,66.76861,-0.0747399999999985,0,0.0747,-0.858379999999997,0.857800000000012,1,240.46804,0.29747,0.12354,0.19136,0.05852,0.12073,0.00043,0.01,182
49.02711,0,8.81213,101.29454,67.62641,-0.0750999999999991,0,0.0750500000000009,-0.864509999999996,0.863919999999993,1,240.46804,0.29747,0.12354,0.19136,0.05852,0.12073,0.00043,0.01,183
48.95201,0,8.88718,100.43003,68.49033,-0.0754300000000043,0,0.0753899999999987,-0.870649999999998,0.870019999999997,1,240.46804,0.29747,0.12354,0.19136,0.05852,0.12073,0.00043,0.01,184
48.87658,0,8.96257,99.55938,69.36035,-0.0757799999999946,0,0.0757300000000001,-0.876760000000004,0.876109999999997,1,240.46804,0.29747,0.12354,0.19136,0.05852,0.12073,0.00043,0.01,185
48.8008,0,9.0383,98.68262,70.23646,-0.0761299999999991,0,0.076080000000001,-0.882859999999994,0.882190000000008,1,240.46804,0.29747,0.12354,0.19136,0.05852,0.12073,0.00043,0.01,186
48.72467,0,9.11438,97.79976,71.11865,-0.0764600000000044,0,0.0764199999999988,-0.888950000000008,0.888249999999999,1,240.46804,0.29747,0.12354,0.19136,0.05852,0.12073,0.00043,0.01,187
48.64821,0,9.1908,96.91081,72.0069,-0.0768199999999979,0,0.0767699999999998,-0.895020000000002,0.894289999999998,1,240.46804,0.29747,0.12354,0.19136,0.05852,0.12073,0.00043,0.01,188
48.57139,0,9.26757,96.01579,72.90119,-0.0771599999999992,0,0.0771100000000011,-0.901079999999993,0.900319999999994,1,240.46804,0.29747,0.12354,0.19136,0.05852,0.12073,0.00043,0.01,189
48.49423,0,9.34468,95.11471,73.80151,-0.0775000000000006,0,0.0774600000000003,-0.907110000000003,0.906320000000008,1,240.46804,0.29747,0.12354,0.19136,0.05852,0.12073,0.00043,0.01,190
48.41673,0,9.42214,94.2076,74.70783,-0.077849999999998,0,0.0777999999999999,-0.913120000000006,0.912300000000002,1,240.46804,0.29747,0.12354,0.19136,0.05852,0.12073,0.00043,0.01,191
48.33888,0,9.49994,93.29448,75.62013,-0.0781900000000064,0,0.0781399999999994,-0.919099999999986,0.918260000000004,1,240.46804,0.29747,0.12354,0.19136,0.05852,0.12073,0.00043,0.01,192
48.26069,0,9.57808,92.37538,76.53839,-0.0785399999999967,0,0.0784900000000004,-0.925070000000005,0.924189999999996,1,240.46804,0.29747,0.12354,0.19136,0.05852,0.12073,0.00043,0.01,193
48.18215,0,9.65657,91.45031,77.46258,-0.0788900000000012,0,0.0788399999999996,-0.931010000000001,0.930080000000004,1,240.46804,0.29747,0.12354,0.19136,0.05852,0.12073,0.00043,0.01,194
48.10326,0,9.73541,90.5193,78.39266,-0.0792199999999994,0,0.0791800000000009,-0.936909999999997,0.935949999999991,1,240.46804,0.29747,0.12354,0.19136,0.05852,0.12073,0.00043,0.01,195
48.02404,0,9.81459,89.58239,79.32861,-0.07958,0,0.0795199999999987,-0.942779999999999,0.941789999999997,1,240.46804,0.29747,0.12354,0.19136,0.05852,0.12073,0.00043,0.01,196
47.94446,0,9.89411,88.63961,80.2704,-0.0799200000000013,0,0.07986,-0.948620000000005,0.947580000000002,1,240.46804,0.29747,0.12354,0.19136,0.05852,0.12073,0.00043,0.01,197
47.86454,0,9.97397,87.69099,81.21798,-0.0802599999999956,0,0.0802200000000006,-0.954409999999996,0.953339999999997,1,240.46804,0.29747,0.12354,0.19136,0.05852,0.12073,0.00043,0.01,198
47.78428,0,10.05419,86.73658,82.17132,-0.0806100000000001,0,0.0805500000000006,-0.960180000000008,0.959050000000005,1,240.46804,0.29747,0.12354,0.19136,0.05852,0.12073,0.00043,0.01,199
47.70367,0,10.13474,85.7764,83.13037,-0.0809500000000014,0,0.0808999999999997,-0.965899999999991,0.964730000000003,1,240.46804,0.29747,0.12354,0.19136,0.05852,0.12073,0.00043,0.01,200
47.62272,0,10.21564,84.8105,84.0951,-0.0812900000000027,0,0.0812399999999993,-0.971560000000011,0.970349999999996,1,240.46804,0.29747,0.12354,0.19136,0.05852,0.12073,0.00043,0.01,201
47.54143,0,10.29688,83.83894,85.06545,-0.0816400000000002,0,0.0815900000000003,-0.977189999999993,0.975920000000002,1,240.46804,0.29747,0.12354,0.19136,0.05852,0.12073,0.00043,0.01,202
47.45979,0,10.37847,82.86175,86.04137,-0.0819899999999976,0,0.0819299999999998,-0.982770000000002,0.981440000000006,1,240.46804,0.29747,0.12354,0.19136,0.05852,0.12073,0.00043,0.01,203
47.3778,0,10.4604,81.87898,87.02281,-0.0823299999999989,0,0.0822699999999994,-0.988280000000003,0.986909999999995,1,240.46804,0.29747,0.12354,0.19136,0.05852,0.12073,0.00043,0.01,204
47.29547,0,10.54267,80.8907,88.00972,-0.0826700000000002,0,0.0826200000000004,-0.993739999999988,0.992310000000003,1,240.46804,0.29747,0.12354,0.19136,0.05852,0.12073,0.00043,0.01,205
47.2128,0,10.62529,79.89696,89.00203,-0.0830100000000016,0,0.0829599999999999,-0.99915,0.997649999999993,1,240.46804,0.29747,0.12354,0.19136,0.05852,0.12073,0.00043,0.01,206
47.12979,0,10.70825,78.89781,89.99968,-0.083359999999999,0,0.0833000000000013,-1.00447000000001,1.00292,1,240.46804,0.29747,0.12354,0.19136,0.05852,0.12073,0.00043,0.01,207
47.04643,0,10.79155,77.89334,91.0026,-0.0837000000000003,0,0.083639999999999,-1.00973999999999,1.00812000000001,1,240.46804,0.29747,0.12354,0.19136,0.05852,0.12073,0.00043,0.01,208
46.96273,0,10.87519,76.8836,92.01072,-0.0840400000000017,0,0.0839800000000004,-1.01493000000001,1.01324,1,240.46804,0.29747,0.12354,0.19136,0.05852,0.12073,0.00043,0.01,209
46.87869,0,10.95917,75.86867,93.02396,-0.0843799999999959,0,0.0843299999999996,-1.02005,1.01828,1,240.46804,0.29747,0.12354,0.19136,0.05852,0.12073,0.00043,0.01,210
46.79431,0,11.0435,74.84862,94.04224,-0.0847300000000004,0,0.0846599999999995,-1.02508,1.02323999999999,1,240.46804,0.29747,0.12354,0.19136,0.05852,0.12073,0.00043,0.01,211
46.70958,0,11.12816,73.82354,95.06548,-0.0850700000000018,0,0.0850100000000005,-1.03003,1.02811000000001,1,240.46804,0.29747,0.12354,0.19136,0.05852,0.12073,0.00043,0.01,212
46.62451,0,11.21317,72.79351,96.09359,-0.0853999999999999,0,0.08535,-1.03488,1.03287999999999,1,240.46804,0.29747,0.12354,0.19136,0.05852,0.12073,0.00043,0.01,213
46.53911,0,11.29852,71.75863,97.12647,-0.0857499999999973,0,0.08568,-1.03963999999999,1.03756,1,240.46804,0.29747,0.12354,0.19136,0.05852,0.12073,0.00043,0.01,214
46.45336,0,11.3842,70.71899,98.16403,-0.0860800000000026,0,0.0860300000000009,-1.04430000000001,1.04212,1,240.46804,0.29747,0.12354,0.19136,0.05852,0.12073,0.00043,0.01,215
46.36728,0,11.47023,69.67469,99.20615,-0.08643,0,0.0863599999999991,-1.04885,1.04657,1,240.46804,0.29747,0.12354,0.19136,0.05852,0.12073,0.00043,0.01,216
46.28085,0,11.55659,68.62584,100.25272,-0.0867599999999982,0,0.0867000000000004,-1.05328999999999,1.05091,1,240.46804,0.29747,0.12354,0.19136,0.05852,0.12073,0.00043,0.01,217
46.19409,0,11.64329,67.57255,101.30363,-0.0871100000000027,0,0.08704,-1.05760000000001,1.05512,1,240.46804,0.29747,0.12354,0.19136,0.05852,0.12073,0.00043,0.01,218
46.10698,0,11.73033,66.51495,102.35875,-0.0874400000000009,0,0.0873799999999996,-1.06180000000001,1.05920999999999,1,240.46804,0.29747,0.12354,0.19136,0.05852,0.12073,0.00043,0.01,219
46.01954,0,11.81771,65.45315,103.41796,-0.087769999999999,0,0.0877099999999995,-1.06586,1.06315000000001,1,240.46804,0.29747,0.12354,0.19136,0.05852,0.12073,0.00043,0.01,220
45.93177,0,11.90542,64.38729,104.48111,-0.0881200000000035,0,0.0880500000000008,-1.06976999999999,1.06694,1,240.46804,0.29747,0.12354,0.19136,0.05852,0.12073,0.00043,0.01,221
45.84365,0,11.99347,63.31752,105.54805,-0.0884399999999985,0,0.088379999999999,-1.07355,1.07059,1,240.46804,0.29747,0.12354,0.19136,0.05852,0.12073,0.00043,0.01,222
45.75521,0,12.08185,62.24397,106.61864,-0.0887899999999959,0,0.0887200000000004,-1.07717,1.07407000000001,1,240.46804,0.29747,0.12354,0.19136,0.05852,0.12073,0.00043,0.01,223
45.66642,0,12.17057,61.1668,107.69271,-0.0891200000000012,0,0.0890500000000003,-1.08061,1.07738999999999,1,240.46804,0.29747,0.12354,0.19136,0.05852,0.12073,0.00043,0.01,224
45.5773,0,12.25962,60.08619,108.7701,-0.0894499999999994,0,0.0893800000000002,-1.0839,1.08051,1,240.46804,0.29747,0.12354,0.19136,0.05852,0.12073,0.00043,0.01,225
45.48785,0,12.349,59.00229,109.85061,-0.0897800000000046,0,0.0897199999999998,-1.087,1.08346,1,240.46804,0.29747,0.12354,0.19136,0.05852,0.12073,0.00043,0.01,226
45.39807,0,12.43872,57.91529,110.93407,-0.0901199999999989,0,0.0900499999999997,-1.08991,1.08619999999999,1,240.46804,0.29747,0.12354,0.19136,0.05852,0.12073,0.00043,0.01,227
45.30795,0,12.52877,56.82538,112.02027,-0.090440000000001,0,0.0903700000000001,-1.09261,1.08873,1,240.46804,0.29747,0.12354,0.19136,0.05852,0.12073,0.00043,0.01,228
45.21751,0,12.61914,55.73277,113.109,-0.0907799999999952,0,0.0907099999999996,-1.0951,1.09105000000001,1,240.46804,0.29747,0.12354,0.19136,0.05852,0.12073,0.00043,0.01,229
45.12673,0,12.70985,54.63767,114.20005,-0.0911100000000005,0,0.0910400000000013,-1.09738,1.09312,1,240.46804,0.29747,0.12354,0.19136,0.05852,0.12073,0.00043,0.01,230
45.03562,0,12.80089,53.54029,115.29317,-0.0914300000000026,0,0.0913599999999999,-1.09941,1.09496,1,240.46804,0.29747,0.12354,0.19136,0.05852,0.12073,0.00043,0.01,231
44.94419,0,12.89225,52.44088,116.38813,-0.0917699999999968,0,0.0916899999999998,-1.1012,1.09653,1,240.46804,0.29747,0.12354,0.19136,0.05852,0.12073,0.00043,0.01,232
44.85242,0,12.98394,51.33968,117.48466,-0.0920899999999989,0,0.0920199999999998,-1.10273,1.09783,1,240.46804,0.29747,0.12354,0.19136,0.05852,0.12073,0.00043,0.01,233
44.76033,0,13.07596,50.23695,118.58249,-0.092410000000001,0,0.0923400000000001,-1.10397,1.09885,1,240.46804,0.29747,0.12354,0.19136,0.05852,0.12073,0.00043,0.01,234
44.66792,0,13.1683,49.13298,119.68134,-0.0927399999999992,0,0.09267,-1.10494000000001,1.09956,1,240.46804,0.29747,0.12354,0.19136,0.05852,0.12073,0.00043,0.01,235
44.57518,0,13.26097,48.02804,120.7809,-0.0930700000000044,0,0.0929900000000004,-1.10559,1.09996,1,240.46804,0.29747,0.12354,0.19136,0.05852,0.12073,0.00043,0.01,236
44.48211,0,13.35396,46.92245,121.88086,-0.0933899999999994,0,0.0933099999999989,-1.10593,1.10001,1,240.46804,0.29747,0.12354,0.19136,0.05852,0.12073,0.00043,0.01,237
44.38872,0,13.44727,45.81652,122.98087,-0.0937100000000015,0,0.093630000000001,-1.10592999999999,1.09972,1,240.46804,0.29747,0.12354,0.19136,0.05852,0.12073,0.00043,0.01,238
44.29501,0,13.5409,44.71059,124.08059,-0.0940299999999965,0,0.0939499999999995,-1.10557,1.09905999999999,1,240.46804,0.29747,0.12354,0.19136,0.05852,0.12073,0.00043,0.01,239
44.20098,0,13.63485,43.60502,125.17965,-0.0943499999999986,0,0.0942799999999995,-1.10483,1.098,1,240.46804,0.29747,0.12354,0.19136,0.05852,0.12073,0.00043,0.01,240
44.10663,0,13.72913,42.50019,126.27765,-0.0946700000000007,0,0.0945900000000002,-1.10371000000001,1.09653,1,240.46804,0.29747,0.12354,0.19136,0.05852,0.12073,0.00043,0.01,241
44.01196,0,13.82372,41.39648,127.37418,-0.0949799999999996,0,0.0949000000000009,-1.10216999999999,1.09464,1,240.46804,0.29747,0.12354,0.19136,0.05852,0.12073,0.00043,0.01,242
43.91698,0,13.91862,40.29431,128.46882,-0.0953000000000017,0,0.0952199999999994,-1.10019,1.09227000000001,1,240.46804,0.29747,0.12354,0.19136,0.05852,0.12073,0.00043,0.01,243
43.82168,0,14.01384,39.19412,129.56109,-0.0956200000000038,0,0.0955399999999997,-1.09775,1.08945,1,240.46804,0.29747,0.12354,0.19136,0.05852,0.12073,0.00043,0.01,244
43.72606,0,14.10938,38.09637,130.65054,-0.0959299999999956,0,0.0958400000000008,-1.09484,1.08609999999999,1,240.46804,0.29747,0.12354,0.19136,0.05852,0.12073,0.00043,0.01,245
43.63013,0,14.20522,37.00153,131.73664,-0.0962400000000017,0,0.0961599999999994,-1.09141,1.08224000000001,1,240.46804,0.29747,0.12354,0.19136,0.05852,0.12073,0.00043,0.01,246
43.53389,0,14.30138,35.91012,132.81888,-0.0965599999999966,0,0.0964700000000001,-1.08745,1.07782,1,240.46804,0.29747,0.12354,0.19136,0.05852,0.12073,0.00043,0.01,247
43.43733,0,14.39785,34.82267,133.8967,-0.0968599999999995,0,0.0967800000000008,-1.08293,1.07281,1,240.46804,0.29747,0.12354,0.19136,0.05852,0.12073,0.00043,0.01,248
43.34047,0,14.49463,33.73974,134.96951,-0.0971700000000055,0,0.0970899999999997,-1.07783,1.06719999999999,1,240.46804,0.29747,0.12354,0.19136,0.05852,0.12073,0.00043,0.01,249
43.2433,0,14.59172,32.66191,136.03671,-0.0974799999999973,0,0.097389999999999,-1.07211,1.06093999999999,1,240.46804,0.29747,0.12354,0.19136,0.05852,0.12073,0.00043,0.01,250
43.14582,0,14.68911,31.5898,137.09765,-0.0977900000000034,0,0.0976999999999997,-1.06575,1.05402000000001,1,240.46804,0.29747,0.12354,0.19136,0.05852,0.12073,0.00043,0.01,251
43.04803,0,14.78681,30.52405,138.15167,-0.0980899999999991,0,0.0980000000000008,-1.05871,1.04638,1,240.46804,0.29747,0.12354,0.19136,0.05852,0.12073,0.00043,0.01,252
42.94994,0,14.88481,29.46534,139.19805,-0.0983899999999949,0,0.0983000000000001,-1.05096,1.03802000000002,1,240.46804,0.29747,0.12354,0.19136,0.05852,0.12073,0.00043,0.01,253
42.85155,0,14.98311,28.41438,140.23607,-0.0986900000000048,0,0.0986100000000008,-1.04249,1.02889999999999,1,240.46804,0.29747,0.12354,0.19136,0.05852,0.12073,0.00043,0.01,254
42.75286,0,15.08172,27.37189,141.26497,-0.0989999999999966,0,0.0988999999999987,-1.03324,1.01898,1,240.46804,0.29747,0.12354,0.19136,0.05852,0.12073,0.00043,0.01,255
42.65386,0,15.18062,26.33865,142.28395,-0.0992900000000034,0,0.0992000000000015,-1.02319,1.00823,1,240.46804,0.29747,0.12354,0.19136,0.05852,0.12073,0.00043,0.01,256
42.55457,0,15.27982,25.31546,143.29218,-0.0995899999999992,0,0.0994899999999994,-1.01231,0.99663000000001,1,240.46804,0.29747,0.12354,0.19136,0.05852,0.12073,0.00043,0.01,257
42.45498,0,15.37931,24.30315,144.28881,-0.0998799999999989,0,0.0997900000000005,-1.00058,0.984129999999993,1,240.46804,0.29747,0.12354,0.19136,0.05852,0.12073,0.00043,0.01,258
42.3551,0,15.4791,23.30257,145.27294,-0.100180000000002,0,0.100079999999998,-0.987949999999998,0.970730000000003,1,240.46804,0.29747,0.12354,0.19136,0.05852,0.12073,0.00043,0.01,259
42.25492,0,15.57918,22.31462,146.24367,-0.100470000000001,0,0.100370000000002,-0.974400000000003,0.956379999999996,1,240.46804,0.29747,0.12354,0.19136,0.05852,0.12073,0.00043,0.01,260
42.15445,0,15.67955,21.34022,147.20005,-0.100749999999998,0,0.100669999999999,-0.959909999999997,0.941069999999996,1,240.46804,0.29747,0.12354,0.19136,0.05852,0.12073,0.00043,0.01,261
42.0537,0,15.78022,20.38031,148.14112,-0.101050000000001,0,0.100949999999999,-0.94445,0.924769999999995,1,240.46804,0.29747,0.12354,0.19136,0.05852,0.12073,0.00043,0.01,262
41.95265,0,15.88117,19.43586,149.06589,-0.10134,0,0.101230000000001,-0.92801,0.907470000000018,1,240.46804,0.29747,0.12354,0.19136,0.05852,0.12073,0.00043,0.01,263
41.85131,0,15.9824,18.50785,149.97336,-0.101610000000001,0,0.101519999999999,-0.910550000000001,0.889169999999979,1,240.46804,0.29747,0.12354,0.19136,0.05852,0.12073,0.00043,0.01,264
41.7497,0,16.08392,17.5973,150.86253,-0.101909999999997,0,0.101800000000001,-0.892099999999999,0.869840000000011,1,240.46804,0.29747,0.12354,0.19136,0.05852,0.12073,0.00043,0.01,265
41.64779,0,16.18572,16.7052,151.73237,-0.102179999999997,0,0.102080000000001,-0.872620000000001,0.849500000000006,1,240.46804,0.29747,0.12354,0.19136,0.05852,0.12073,0.00043,0.01,266
41.54561,0,16.2878,15.83258,152.58187,-0.102460000000001,0,0.102360000000001,-0.852119999999999,0.82817,1,240.46804,0.29747,0.12354,0.19136,0.05852,0.12073,0.00043,0.01,267
41.44315,0,16.39016,14.98046,153.41004,-0.10275,0,0.102639999999997,-0.830640000000001,0.805839999999989,1,240.46804,0.29747,0.12354,0.19136,0.05852,0.12073,0.00043,0.01,268
41.3404,0,16.4928,14.14982,154.21588,-0.103010000000005,0,0.102910000000001,-0.808160000000001,0.782569999999993,1,240.46804,0.29747,0.12354,0.19136,0.05852,0.12073,0.00043,0.01,269
41.23739,0,16.59571,13.34166,154.99845,-0.103290000000001,0,0.103189999999998,-0.78473,0.75839000000002,1,240.46804,0.29747,0.12354,0.19136,0.05852,0.12073,0.00043,0.01,270
41.1341,0,16.6989,12.55693,155.75684,-0.103569999999998,0,0.103460000000002,-0.760389999999999,0.733339999999998,1,240.46804,0.29747,0.12354,0.19136,0.05852,0.12073,0.00043,0.01,271
41.03053,0,16.80236,11.79654,156.49018,-0.103830000000002,0,0.103719999999999,-0.73521,0.707509999999985,1,240.46804,0.29747,0.12354,0.19136,0.05852,0.12073,0.00043,0.01,272
40.9267,0,16.90608,11.06133,157.19769,-0.104099999999995,0,0.10399,-0.70922,0.680949999999996,1,240.46804,0.29747,0.12354,0.19136,0.05852,0.12073,0.00043,0.01,273
40.8226,0,17.01007,10.35211,157.87864,-0.104370000000003,0,0.10426,-0.68252,0.653770000000009,1,240.46804,0.29747,0.12354,0.19136,0.05852,0.12073,0.00043,0.01,274
40.71823,0,17.11433,9.66959,158.53241,-0.10463,0,0.104520000000001,-0.65521,0.626059999999995,1,240.46804,0.29747,0.12354,0.19136,0.05852,0.12073,0.00043,0.01,275
40.6136,0,17.21885,9.01438,159.15847,-0.104889999999997,0,0.104780000000002,-0.627369999999999,0.597949999999997,1,240.46804,0.29747,0.12354,0.19136,0.05852,0.12073,0.00043,0.01,276
40.50871,0,17.32363,8.38701,159.75642,-0.105159999999998,0,0.105039999999999,-0.59913,0.569550000000021,1,240.46804,0.29747,0.12354,0.19136,0.05852,0.12073,0.00043,0.01,277
40.40355,0,17.42867,7.78788,160.32597,-0.105410000000006,0,0.1053,-0.570600000000001,0.540989999999994,1,240.46804,0.29747,0.12354,0.19136,0.05852,0.12073,0.00043,0.01,278
40.29814,0,17.53397,7.21728,160.86696,-0.105659999999993,0,0.105550000000001,-0.541939999999999,0.512409999999988,1,240.46804,0.29747,0.12354,0.19136,0.05852,0.12073,0.00043,0.01,279
40.19248,0,17.63952,6.67534,161.37937,-0.105930000000001,0,0.105799999999999,-0.51325,0.483969999999999,1,240.46804,0.29747,0.12354,0.19136,0.05852,0.12073,0.00043,0.01,280
40.08655,0,17.74532,6.16209,161.86334,-0.106170000000006,0,0.10605,-0.4847,0.455770000000001,1,240.46804,0.29747,0.12354,0.19136,0.05852,0.12073,0.00043,0.01,281
39.98038,0,17.85137,5.67739,162.31911,-0.10642,0,0.106310000000001,-0.45643,0.427999999999997,1,240.46804,0.29747,0.12354,0.19136,0.05852,0.12073,0.00043,0.01,282
39.87396,0,17.95768,5.22096,162.74711,-0.106659999999998,0,0.106539999999999,-0.42857,0.400769999999994,1,240.46804,0.29747,0.12354,0.19136,0.05852,0.12073,0.00043,0.01,283
39.7673,0,18.06422,4.79239,163.14788,-0.106919999999995,0,0.10679,-0.40126,0.374200000000002,1,240.46804,0.29747,0.12354,0.19136,0.05852,0.12073,0.00043,0.01,284
39.66038,0,18.17101,4.39113,163.52208,-0.107150000000004,0,0.107030000000002,-0.374630000000001,0.348430000000008,1,240.46804,0.29747,0.12354,0.19136,0.05852,0.12073,0.00043,0.01,285
39.55323,0,18.27804,4.0165,163.87051,-0.107390000000002,0,0.10727,-0.3488,0.323540000000008,1,240.46804,0.29747,0.12354,0.19136,0.05852,0.12073,0.00043,0.01,286
39.44584,0,18.38531,3.6677,164.19405,-0.107639999999996,0,0.107509999999998,-0.32385,0.299630000000008,1,240.46804,0.29747,0.12354,0.19136,0.05852,0.12073,0.00043,0.01,287
39.3382,0,18.49282,3.34385,164.49368,-0.107860000000002,0,0.107740000000003,-0.2999,0.276789999999977,1,240.46804,0.29747,0.12354,0.19136,0.05852,0.12073,0.00043,0.01,288
39.23034,0,18.60056,3.04395,164.77047,-0.1081,0,0.107969999999998,-0.27702,0.255050000000011,1,240.46804,0.29747,0.12354,0.19136,0.05852,0.12073,0.00043,0.01,289
39.12224,0,18.70853,2.76693,165.02552,-0.108329999999995,0,0.1082,-0.25524,0.234469999999988,1,240.46804,0.29747,0.12354,0.19136,0.05852,0.12073,0.00043,0.01,290
39.01391,0,18.81673,2.51169,165.25999,-0.108560000000004,0,0.108430000000002,-0.23462,0.215070000000026,1,240.46804,0.29747,0.12354,0.19136,0.05852,0.12073,0.00043,0.01,291
38.90535,0,18.92516,2.27707,165.47506,-0.108779999999996,0,0.108659999999997,-0.2152,0.19683999999998,1,240.46804,0.29747,0.12354,0.19136,0.05852,0.12073,0.00043,0.01,292
38.79657,0,19.03382,2.06187,165.6719,-0.109010000000005,0,0.108870000000003,-0.19695,0.179810000000003,1,240.46804,0.29747,0.12354,0.19136,0.05852,0.12073,0.00043,0.01,293
38.68756,0,19.14269,1.86492,165.85171,-0.109229999999997,0,0.109089999999998,-0.1799,0.16395,1,240.46804,0.29747,0.12354,0.19136,0.05852,0.12073,0.00043,0.01,294
38.57833,0,19.25178,1.68502,166.01566,-0.109439999999999,0,0.109310000000001,-0.16402,0.149210000000011,1,240.46804,0.29747,0.12354,0.19136,0.05852,0.12073,0.00043,0.01,295
38.46889,0,19.36109,1.521,166.16487,-0.109660000000005,0,0.109529999999999,-0.14928,0.135589999999979,1,240.46804,0.29747,0.12354,0.19136,0.05852,0.12073,0.00043,0.01,296
38.35923,0,19.47062,1.37172,166.30046,-0.109879999999997,0,0.109729999999999,-0.13564,0.12303,1,240.46804,0.29747,0.12354,0.19136,0.05852,0.12073,0.00043,0.01,297
38.24935,0,19.58035,1.23608,166.42349,-0.110079999999996,0,0.109950000000001,-0.12307,0.111470000000025,1,240.46804,0.29747,0.12354,0.19136,0.05852,0.12073,0.00043,0.01,298
38.13927,0,19.6903,1.11301,166.53496,-0.110290000000006,0,0.110150000000001,-0.1115,0.100869999999986,1,240.46804,0.29747,0.12354,0.19136,0.05852,0.12073,0.00043,0.01,299
38.02898,0,19.80045,1.00151,166.63583,-0.110499999999995,0,0.110349999999997,-0.10089,0.0911700000000053,1,240.46804,0.29747,0.12354,0.19136,0.05852,0.12073,0.00043,0.01,300
37.91848,0,19.9108,0.90062,166.727,-0.110700000000001,0,0.110560000000003,-0.0911999999999999,0.0823200000000099,1,240.46804,0.29747,0.12354,0.19136,0.05852,0.12073,0.00043,0.01,301
37.80778,0,20.02136,0.80942,166.80932,-0.110900000000001,0,0.110749999999999,-0.08233,0.0742499999999779,1,240.46804,0.29747,0.12354,0.19136,0.05852,0.12073,0.00043,0.01,302
37.69688,0,20.13211,0.72709,166.88357,-0.111089999999997,0,0.110949999999999,-0.0742700000000001,0.0669200000000103,1,240.46804,0.29747,0.12354,0.19136,0.05852,0.12073,0.00043,0.01,303
37.58579,0,20.24306,0.65282,166.95049,-0.111290000000004,0,0.111149999999999,-0.0669299999999999,0.0602499999999964,1,240.46804,0.29747,0.12354,0.19136,0.05852,0.12073,0.00043,0.01,304
37.4745,0,20.35421,0.58589,167.01074,-0.11148,0,0.111330000000002,-0.06027,0.0542299999999898,1,240.46804,0.29747,0.12354,0.19136,0.05852,0.12073,0.00043,0.01,305
37.36302,0,20.46554,0.52562,167.06497,-0.111669999999997,0,0.111519999999999,-0.05423,0.0487600000000157,1,240.46804,0.29747,0.12354,0.19136,0.05852,0.12073,0.00043,0.01,306
37.25135,0,20.57706,0.47139,167.11373,-0.11186,0,0.111699999999999,-0.04877,0.0438199999999824,1,240.46804,0.29747,0.12354,0.19136,0.05852,0.12073,0.00043,0.01,307
37.13949,0,20.68876,0.42262,167.15755,-0.112030000000004,0,0.111890000000002,-0.04382,0.0393700000000194,1,240.46804,0.29747,0.12354,0.19136,0.05852,0.12073,0.00043,0.01,308
37.02746,0,20.80065,0.3788,167.19692,-0.112220000000001,0,0.112069999999999,-0.03937,0.0353399999999908,1,240.46804,0.29747,0.12354,0.19136,0.05852,0.12073,0.00043,0.01,309
36.91524,0,20.91272,0.33943,167.23226,-0.112399999999994,0,0.11224,-0.03535,0.0317200000000071,1,240.46804,0.29747,0.12354,0.19136,0.05852,0.12073,0.00043,0.01,310
36.80284,0,21.02496,0.30408,167.26398,-0.112570000000005,0,0.112410000000001,-0.03172,0.0284499999999923,1,240.46804,0.29747,0.12354,0.19136,0.05852,0.12073,0.00043,0.01,311
36.69027,0,21.13737,0.27236,167.29243,-0.112739999999995,0,0.112590000000001,-0.02845,0.025509999999997,1,240.46804,0.29747,0.12354,0.19136,0.05852,0.12073,0.00043,0.01,312
36.57753,0,21.24996,0.24391,167.31794,-0.112910000000007,0,0.112749999999998,-0.02552,0.0228800000000149,1,240.46804,0.29747,0.12354,0.19136,0.05852,0.12073,0.00043,0.01,313
36.46462,0,21.36271,0.21839,167.34082,-0.113079999999997,0,0.112909999999999,-0.02287,0.0204999999999984,1,240.46804,0.29747,0.12354,0.19136,0.05852,0.12073,0.00043,0.01,314
36.35154,0,21.47562,0.19552,167.36132,-0.113239999999998,0,0.11308,-0.02051,0.0183700000000044,1,240.46804,0.29747,0.12354,0.19136,0.05852,0.12073,0.00043,0.01,315
36.2383,0,21.5887,0.17501,167.37969,-0.113400000000006,0,0.113240000000001,-0.01837,0.016459999999995,1,240.46804,0.29747,0.12354,0.19136,0.05852,0.12073,0.00043,0.01,316
36.1249,0,21.70194,0.15664,167.39615,-0.113549999999996,0,0.113389999999999,-0.01645,0.0147299999999859,1,240.46804,0.29747,0.12354,0.19136,0.05852,0.12073,0.00043,0.01,317
36.01135,0,21.81533,0.14019,167.41088,-0.113709999999998,0,0.11354,-0.01474,0.0132000000000119,1,240.46804,0.29747,0.12354,0.19136,0.05852,0.12073,0.00043,0.01,318
35.89764,0,21.92887,0.12545,167.42408,-0.113860000000003,0,0.113700000000001,-0.0132,0.0118200000000002,1,240.46804,0.29747,0.12354,0.19136,0.05852,0.12073,0.00043,0.01,319
35.78378,0,22.04257,0.11225,167.4359,-0.11401,0,0.11384,-0.01182,0.0105800000000045,1,240.46804,0.29747,0.12354,0.19136,0.05852,0.12073,0.00043,0.01,320
35.66977,0,22.15641,0.10043,167.44648,-0.114159999999998,0,0.113979999999998,-0.01058,0.00946999999999321,1,240.46804,0.29747,0.12354,0.19136,0.05852,0.12073,0.00043,0.01,321
35.55561,0,22.27039,0.08985,167.45595,-0.114290000000004,0,0.11412,-0.00947000000000001,0.00846999999998843,1,240.46804,0.29747,0.12354,0.19136,0.05852,0.12073,0.00043,0.01,322
35.44132,0,22.38451,0.08038,167.46442,-0.114429999999999,0,0.114260000000002,-0.00846999999999999,0.00759000000002175,1,240.46804,0.29747,0.12354,0.19136,0.05852,0.12073,0.00043,0.01,323
35.32689,0,22.49877,0.07191,167.47201,-0.114570000000001,0,0.1144,-0.00759,0.00677999999999201,1,240.46804,0.29747,0.12354,0.19136,0.05852,0.12073,0.00043,0.01,324
35.21232,0,22.61317,0.06432,167.47879,-0.114699999999999,0,0.114519999999999,-0.00678,0.0060799999999972,1,240.46804,0.29747,0.12354,0.19136,0.05852,0.12073,0.00043,0.01,325
35.09762,0,22.72769,0.05754,167.48487,-0.114829999999998,0,0.114650000000001,-0.00608,0.00542999999998983,1,240.46804,0.29747,0.12354,0.19136,0.05852,0.12073,0.00043,0.01,326
34.98279,0,22.84234,0.05146,167.4903,-0.114960000000004,0,0.11478,-0.00543,0.00486000000000786,1,240.46804,0.29747,0.12354,0.19136,0.05852,0.12073,0.00043,0.01,327
34.86783,0,22.95712,0.04603,167.49516,-0.115079999999999,0,0.114899999999999,-0.00486,0.00434999999998809,1,240.46804,0.29747,0.12354,0.19136,0.05852,0.12073,0.00043,0.01,328
34.75275,0,23.07202,0.04117,167.49951,-0.115200000000002,0,0.115020000000001,-0.00435,0.00389000000001261,1,240.46804,0.29747,0.12354,0.19136,0.05852,0.12073,0.00043,0.01,329
34.63755,0,23.18704,0.03682,167.5034,-0.115319999999997,0,0.115130000000001,-0.00389,0.00347999999999615,1,240.46804,0.29747,0.12354,0.19136,0.05852,0.12073,0.00043,0.01,330
34.52223,0,23.30217,0.03293,167.50688,-0.115430000000003,0,0.11524,-0.00348,0.0031099999999924,1,240.46804,0.29747,0.12354,0.19136,0.05852,0.12073,0.00043,0.01,331
34.4068,0,23.41741,0.02945,167.50999,-0.115539999999996,0,0.115349999999999,-0.00311,0.00279000000000451,1,240.46804,0.29747,0.12354,0.19136,0.05852,0.12073,0.00043,0.01,332
34.29126,0,23.53276,0.02634,167.51278,-0.115639999999999,0,0.115459999999999,-0.00278,0.00248999999999455,1,240.46804,0.29747,0.12354,0.19136,0.05852,0.12073,0.00043,0.01,333
34.17562,0,23.64822,0.02356,167.51527,-0.115750000000006,0,0.115560000000002,-0.00249,0.00222000000002254,1,240.46804,0.29747,0.12354,0.19136,0.05852,0.12073,0.00043,0.01,334
34.05987,0,23.76378,0.02107,167.51749,-0.115849999999995,0,0.115659999999998,-0.00223,0.00198999999997795,1,240.46804,0.29747,0.12354,0.19136,0.05852,0.12073,0.00043,0.01,335
33.94402,0,23.87944,0.01884,167.51948,-0.115950000000005,0,0.115760000000002,-0.00199,0.00178999999999974,1,240.46804,0.29747,0.12354,0.19136,0.05852,0.12073,0.00043,0.01,336
33.82807,0,23.9952,0.01685,167.52127,-0.116039999999998,0,0.115839999999999,-0.00178,0.00159000000002152,1,240.46804,0.29747,0.12354,0.19136,0.05852,0.12073,0.00043,0.01,337
33.71203,0,24.11104,0.01507,167.52286,-0.116129999999998,0,0.115940000000002,-0.0016,0.00141999999999598,1,240.46804,0.29747,0.12354,0.19136,0.05852,0.12073,0.00043,0.01,338
33.5959,0,24.22698,0.01347,167.52428,-0.116219999999998,0,0.116019999999999,-0.00142,0.00128000000000839,1,240.46804,0.29747,0.12354,0.19136,0.05852,0.12073,0.00043,0.01,339
33.47968,0,24.343,0.01205,167.52556,-0.116309999999999,0,0.116099999999999,-0.00128,0.00113999999999237,1,240.46804,0.29747,0.12354,0.19136,0.05852,0.12073,0.00043,0.01,340
33.36337,0,24.4591,0.01077,167.5267,-0.116380000000007,0,0.11619,-0.00114,0.0010199999999827,1,240.46804,0.29747,0.12354,0.19136,0.05852,0.12073,0.00043,0.01,341
