"S","A","R","P","C","dS","dA","dR","dP","dC","Q","N","uc_F","lc_f","mu","lmda","phi","kappa","epsilon","t"
0.4968,47.46247,0.01122,192.17048,0,0.48156,-0.487900000000003,0.00158,0,0,6,240.14579,0.19978,0.08176,0.01026,0.09773,0.19231,0.00049,0.01,1
0.97836,46.97457,0.0128,192.17048,0,0.47636,-0.483060000000002,0.00197,0,0,6,240.14579,0.19978,0.08176,0.01026,0.09773,0.19231,0.00049,0.01,2
1.45472,46.49151,0.01477,192.17048,0,0.47123,-0.478290000000001,0.00239,0,0,6,240.14579,0.19978,0.08176,0.01026,0.09773,0.19231,0.00049,0.01,3
1.92595,46.01322,0.01716,192.17048,0,0.46614,-0.473609999999994,0.00285,0,0,6,240.14579,0.19978,0.08176,0.01026,0.09773,0.19231,0.00049,0.01,4
2.39209,45.53961,0.02001,192.17048,0,0.46109,-0.469040000000007,0.00336,0,0,6,240.14579,0.19978,0.08176,0.01026,0.09773,0.19231,0.00049,0.01,5
2.85318,45.07057,0.02337,192.17048,0,0.4561,-0.464559999999999,0.00391,0,0,6,240.14579,0.19978,0.08176,0.01026,0.09773,0.19231,0.00049,0.01,6
3.30928,44.60601,0.02728,192.17048,0,0.45116,-0.460169999999998,0.00452,0,0,6,240.14579,0.19978,0.08176,0.01026,0.09773,0.19231,0.00049,0.01,7
3.76044,44.14584,0.0318,192.17048,0,0.44626,-0.4559,0.00518,0,0,6,240.14579,0.19978,0.08176,0.01026,0.09773,0.19231,0.00049,0.01,8
4.2067,43.68994,0.03698,192.17048,0,0.44141,-0.451720000000002,0.0059,0,0,6,240.14579,0.19978,0.08176,0.01026,0.09773,0.19231,0.00049,0.01,9
4.64811,43.23822,0.04288,192.17048,0,0.4366,-0.447669999999995,0.00669,0,0,6,240.14579,0.19978,0.08176,0.01026,0.09773,0.19231,0.00049,0.01,10
5.08471,42.79055,0.04957,192.17048,0,0.431839999999999,-0.443720000000006,0.00754999999999999,0,0,6,240.14579,0.19978,0.08176,0.01026,0.09773,0.19231,0.00049,0.01,11
5.51655,42.34683,0.05712,192.17048,0,0.4271,-0.439909999999998,0.0085,0,0,6,240.14579,0.19978,0.08176,0.01026,0.09773,0.19231,0.00049,0.01,12
5.94365,41.90692,0.06562,192.17048,0,0.42243,-0.436230000000002,0.00954000000000001,0,0,6,240.14579,0.19978,0.08176,0.01026,0.09773,0.19231,0.00049,0.01,13
6.36608,41.47069,0.07516,192.17048,0,0.41778,-0.432679999999998,0.01067,0,0,6,240.14579,0.19978,0.08176,0.01026,0.09773,0.19231,0.00049,0.01,14
6.78386,41.03801,0.08583,192.17048,0,0.41317,-0.429290000000002,0.01192,0,0,6,240.14579,0.19978,0.08176,0.01026,0.09773,0.19231,0.00049,0.01,15
7.19703,40.60872,0.09775,192.17048,0,0.40859,-0.42604,0.01327,0,0,6,240.14579,0.19978,0.08176,0.01026,0.09773,0.19231,0.00049,0.01,16
7.60562,40.18268,0.11102,192.17048,0,0.404059999999999,-0.422959999999996,0.01476,0,0,6,240.14579,0.19978,0.08176,0.01026,0.09773,0.19231,0.00049,0.01,17
8.00968,39.75972,0.12578,192.17048,0,0.399550000000001,-0.420050000000003,0.0164,0,0,6,240.14579,0.19978,0.08176,0.01026,0.09773,0.19231,0.00049,0.01,18
8.40923,39.33967,0.14218,192.17048,0,0.395069999999999,-0.417339999999996,0.01818,0,0,6,240.14579,0.19978,0.08176,0.01026,0.09773,0.19231,0.00049,0.01,19
8.8043,38.92233,0.16036,192.17048,0,0.39062,-0.414819999999999,0.02013,0,0,6,240.14579,0.19978,0.08176,0.01026,0.09773,0.19231,0.00049,0.01,20
9.19492,38.50751,0.18049,192.17048,0,0.386200000000001,-0.412520000000001,0.02227,0,0,6,240.14579,0.19978,0.08176,0.01026,0.09773,0.19231,0.00049,0.01,21
9.58112,38.09499,0.20276,192.17048,0,0.3818,-0.410430000000005,0.02462,0,0,6,240.14579,0.19978,0.08176,0.01026,0.09773,0.19231,0.00049,0.01,22
9.96292,37.68456,0.22738,192.17048,0,0.377419999999999,-0.408609999999996,0.02718,0,0,6,240.14579,0.19978,0.08176,0.01026,0.09773,0.19231,0.00049,0.01,23
10.34034,37.27595,0.25456,192.17048,0,0.37307,-0.407040000000002,0.02998,0,0,6,240.14579,0.19978,0.08176,0.01026,0.09773,0.19231,0.00049,0.01,24
10.71341,36.86891,0.28454,192.17048,0,0.36871,-0.405740000000002,0.03305,0,0,6,240.14579,0.19978,0.08176,0.01026,0.09773,0.19231,0.00049,0.01,25
11.08212,36.46317,0.31759,192.17048,0,0.364380000000001,-0.404759999999996,0.0364,0,0,6,240.14579,0.19978,0.08176,0.01026,0.09773,0.19231,0.00049,0.01,26
11.4465,36.05841,0.35399,192.17048,0,0.360059999999999,-0.4041,0.04007,0,0,6,240.14579,0.19978,0.08176,0.01026,0.09773,0.19231,0.00049,0.01,27
11.80656,35.65431,0.39406,192.17048,0,0.355740000000001,-0.403780000000005,0.04407,0,0,6,240.14579,0.19978,0.08176,0.01026,0.09773,0.19231,0.00049,0.01,28
12.1623,35.25053,0.43813,192.17048,0,0.351419999999999,-0.403849999999998,0.04845,0,0,6,240.14579,0.19978,0.08176,0.01026,0.09773,0.19231,0.00049,0.01,29
12.51372,34.84668,0.48658,192.17048,0,0.347100000000001,-0.404310000000002,0.05323,0,0,6,240.14579,0.19978,0.08176,0.01026,0.09773,0.19231,0.00049,0.01,30
12.86082,34.44237,0.53981,192.17048,0,0.342779999999999,-0.405199999999994,0.05843,0,0,6,240.14579,0.19978,0.08176,0.01026,0.09773,0.19231,0.00049,0.01,31
13.2036,34.03717,0.59824,192.17048,0,0.338430000000001,-0.406570000000002,0.06411,0,0,6,240.14579,0.19978,0.08176,0.01026,0.09773,0.19231,0.00049,0.01,32
13.54203,33.6306,0.66235,192.17048,0,0.33409,-0.408410000000003,0.0703,0,0,6,240.14579,0.19978,0.08176,0.01026,0.09773,0.19231,0.00049,0.01,33
13.87612,33.22219,0.73265,192.17048,0,0.329699999999999,-0.410809999999998,0.0770299999999999,0,0,6,240.14579,0.19978,0.08176,0.01026,0.09773,0.19231,0.00049,0.01,34
14.20582,32.81138,0.80968,192.17048,0,0.325290000000001,-0.413759999999996,0.08435,0,0,6,240.14579,0.19978,0.08176,0.01026,0.09773,0.19231,0.00049,0.01,35
14.53111,32.39762,0.89403,192.17048,0,0.32086,-0.417310000000004,0.09231,0,0,6,240.14579,0.19978,0.08176,0.01026,0.09773,0.19231,0.00049,0.01,36
14.85197,31.98031,0.98634,192.17048,0,0.316380000000001,-0.421520000000001,0.10094,0,0,6,240.14579,0.19978,0.08176,0.01026,0.09773,0.19231,0.00049,0.01,37
15.16835,31.55879,1.08728,192.17048,0,0.31184,-0.426409999999997,0.1103,0,0,6,240.14579,0.19978,0.08176,0.01026,0.09773,0.19231,0.00049,0.01,38
15.48019,31.13238,1.19758,192.17048,0,0.307259999999999,-0.432020000000001,0.12042,0,0,6,240.14579,0.19978,0.08176,0.01026,0.09773,0.19231,0.00049,0.01,39
15.78745,30.70036,1.318,192.17048,0,0.302610000000001,-0.438389999999998,0.13135,0,0,6,240.14579,0.19978,0.08176,0.01026,0.09773,0.19231,0.00049,0.01,40
16.09006,30.26197,1.44935,192.17048,0,0.297899999999998,-0.445550000000001,0.14315,0,0,6,240.14579,0.19978,0.08176,0.01026,0.09773,0.19231,0.00049,0.01,41
16.38796,29.81642,1.5925,192.17048,0,0.293089999999999,-0.45356,0.15584,0,0,6,240.14579,0.19978,0.08176,0.01026,0.09773,0.19231,0.00049,0.01,42
16.68105,29.36286,1.74834,192.17048,0,0.288209999999999,-0.462430000000001,0.16947,0,0,6,240.14579,0.19978,0.08176,0.01026,0.09773,0.19231,0.00049,0.01,43
16.96926,28.90043,1.91781,192.17048,0,0.283230000000003,-0.472180000000002,0.18407,0,0,6,240.14579,0.19978,0.08176,0.01026,0.09773,0.19231,0.00049,0.01,44
17.25249,28.42825,2.10188,192.17048,0,0.278129999999997,-0.482849999999999,0.19968,0,0,6,240.14579,0.19978,0.08176,0.01026,0.09773,0.19231,0.00049,0.01,45
17.53062,27.9454,2.30156,192.17048,0,0.272920000000003,-0.494440000000001,0.2163,0,0,6,240.14579,0.19978,0.08176,0.01026,0.09773,0.19231,0.00049,0.01,46
17.80354,27.45096,2.51786,192.17048,0,0.267589999999998,-0.50695,0.23393,0,0,6,240.14579,0.19978,0.08176,0.01026,0.09773,0.19231,0.00049,0.01,47
18.07113,26.94401,2.75179,192.17048,0,0.262119999999999,-0.52037,0.2526,0,0,6,240.14579,0.19978,0.08176,0.01026,0.09773,0.19231,0.00049,0.01,48
18.33325,26.42364,3.00439,192.17048,0,0.256509999999999,-0.534659999999999,0.27223,0,0,6,240.14579,0.19978,0.08176,0.01026,0.09773,0.19231,0.00049,0.01,49
18.58976,25.88898,3.27662,192.17048,0,0.25074,-0.549779999999998,0.29283,0,0,6,240.14579,0.19978,0.08176,0.01026,0.09773,0.19231,0.00049,0.01,50
18.8405,25.3392,3.56945,192.17048,0,0.244820000000001,-0.565660000000001,0.31431,0,0,6,240.14579,0.19978,0.08176,0.01026,0.09773,0.19231,0.00049,0.01,51
19.08532,24.77354,3.88376,192.17048,0,0.238720000000001,-0.58221,0.33656,0,0,6,240.14579,0.19978,0.08176,0.01026,0.09773,0.19231,0.00049,0.01,52
19.32404,24.19133,4.22032,192.17048,0,0.23246,-0.599299999999999,0.35949,0,0,6,240.14579,0.19978,0.08176,0.01026,0.09773,0.19231,0.00049,0.01,53
19.5565,23.59203,4.57981,192.17048,0,0.226020000000002,-0.616800000000001,0.38293,0,0,6,240.14579,0.19978,0.08176,0.01026,0.09773,0.19231,0.00049,0.01,54
19.78252,22.97523,4.96274,192.17048,0,0.219399999999997,-0.634499999999999,0.4067,0,0,6,240.14579,0.19978,0.08176,0.01026,0.09773,0.19231,0.00049,0.01,55
20.00192,22.34073,5.36944,192.17048,0,0.212610000000002,-0.652200000000001,0.43057,0,0,6,240.14579,0.19978,0.08176,0.01026,0.09773,0.19231,0.00049,0.01,56
20.21453,21.68853,5.80001,192.17048,0,0.205629999999999,-0.669689999999999,0.4543,-1.06962999999999,1.06945,6,240.14579,0.19978,0.08176,0.01026,0.09773,0.19231,0.00049,0.01,57
20.42016,21.01884,6.25431,191.10085,1.06945,0.16506,-0.215579999999999,0.0484599999999995,-1.07747000000001,1.07727,6,240.14579,0.19978,0.08176,0.01026,0.09773,0.19231,0.00049,0.01,58
20.58522,20.80326,6.30277,190.02338,2.14672,0.162490000000002,-0.213370000000001,0.0488400000000002,-1.08535000000001,1.08515,6,240.14579,0.19978,0.08176,0.01026,0.09773,0.19231,0.00049,0.01,59
20.74771,20.58989,6.35161,188.93803,3.23187,0.159949999999998,-0.211179999999999,0.04922,-1.09327999999999,1.09307,6,240.14579,0.19978,0.08176,0.01026,0.09773,0.19231,0.00049,0.01,60
20.90766,20.37871,6.40083,187.84475,4.32494,0.157419999999998,-0.209020000000002,0.0495999999999999,-1.10126,1.10105,6,240.14579,0.19978,0.08176,0.01026,0.09773,0.19231,0.00049,0.01,61
21.06508,20.16969,6.45043,186.74349,5.42599,0.15493,-0.206879999999998,0.0499700000000001,-1.10929000000002,1.10906,6,240.14579,0.19978,0.08176,0.01026,0.09773,0.19231,0.00049,0.01,62
21.22001,19.96281,6.5004,185.6342,6.53505,0.152440000000002,-0.204750000000001,0.0503499999999999,-1.11736999999999,1.11714,6,240.14579,0.19978,0.08176,0.01026,0.09773,0.19231,0.00049,0.01,63
21.37245,19.75806,6.55075,184.51683,7.65219,0.149989999999999,-0.202650000000002,0.0507200000000001,-1.12548000000001,1.12524,6,240.14579,0.19978,0.08176,0.01026,0.09773,0.19231,0.00049,0.01,64
21.52244,19.55541,6.60147,183.39135,8.77743,0.147549999999999,-0.200569999999999,0.0510999999999999,-1.13364999999999,1.13341,6,240.14579,0.19978,0.08176,0.01026,0.09773,0.19231,0.00049,0.01,65
21.66999,19.35484,6.65257,182.2577,9.91084,0.145150000000001,-0.198519999999998,0.0514700000000001,-1.14187000000001,1.14161,6,240.14579,0.19978,0.08176,0.01026,0.09773,0.19231,0.00049,0.01,66
21.81514,19.15632,6.70404,181.11583,11.05245,0.142749999999999,-0.196480000000001,0.05185,-1.15011999999999,1.14985,6,240.14579,0.19978,0.08176,0.01026,0.09773,0.19231,0.00049,0.01,67
21.95789,18.95984,6.75589,179.96571,12.2023,0.14038,-0.194459999999999,0.0522200000000002,-1.15841,1.15815,6,240.14579,0.19978,0.08176,0.01026,0.09773,0.19231,0.00049,0.01,68
22.09827,18.76538,6.80811,178.8073,13.36045,0.138030000000001,-0.19247,0.0526,-1.16676999999999,1.16647,6,240.14579,0.19978,0.08176,0.01026,0.09773,0.19231,0.00049,0.01,69
22.2363,18.57291,6.86071,177.64053,14.52692,0.1357,-0.1905,0.0529599999999997,-1.17514,1.17486,6,240.14579,0.19978,0.08176,0.01026,0.09773,0.19231,0.00049,0.01,70
22.372,18.38241,6.91367,176.46539,15.70178,0.133389999999999,-0.18854,0.0533400000000004,-1.18358000000001,1.18327,6,240.14579,0.19978,0.08176,0.01026,0.09773,0.19231,0.00049,0.01,71
22.50539,18.19387,6.96701,175.28181,16.88505,0.131110000000003,-0.186610000000002,0.0537099999999997,-1.19204000000002,1.19173,6,240.14579,0.19978,0.08176,0.01026,0.09773,0.19231,0.00049,0.01,72
22.6365,18.00726,7.02072,174.08977,18.07678,0.128839999999997,-0.18469,0.0540900000000004,-1.20054999999999,1.20022,6,240.14579,0.19978,0.08176,0.01026,0.09773,0.19231,0.00049,0.01,73
22.76534,17.82257,7.07481,172.88922,19.277,0.12659,-0.1828,0.0544500000000001,-1.20909,1.20876,6,240.14579,0.19978,0.08176,0.01026,0.09773,0.19231,0.00049,0.01,74
22.89193,17.63977,7.12926,171.68013,20.48576,0.124360000000003,-0.18093,0.0548199999999994,-1.21768,1.21733,6,240.14579,0.19978,0.08176,0.01026,0.09773,0.19231,0.00049,0.01,75
23.01629,17.45884,7.18408,170.46245,21.70309,0.122149999999998,-0.179069999999999,0.0552000000000001,-1.22629999999998,1.22594,6,240.14579,0.19978,0.08176,0.01026,0.09773,0.19231,0.00049,0.01,76
23.13844,17.27977,7.23928,169.23615,22.92903,0.119970000000002,-0.177229999999998,0.0555599999999998,-1.23496,1.23458,6,240.14579,0.19978,0.08176,0.01026,0.09773,0.19231,0.00049,0.01,77
23.25841,17.10254,7.29484,168.00119,24.16361,0.117789999999999,-0.175410000000003,0.05593,-1.24366000000001,1.24327,6,240.14579,0.19978,0.08176,0.01026,0.09773,0.19231,0.00049,0.01,78
23.3762,16.92713,7.35077,166.75753,25.40688,0.115649999999999,-0.17362,0.0563099999999999,-1.25238000000002,1.25198,6,240.14579,0.19978,0.08176,0.01026,0.09773,0.19231,0.00049,0.01,79
23.49185,16.75351,7.40708,165.50515,26.65886,0.113510000000002,-0.17184,0.0566599999999999,-1.26114999999999,1.26073,6,240.14579,0.19978,0.08176,0.01026,0.09773,0.19231,0.00049,0.01,80
23.60536,16.58167,7.46374,164.244,27.91959,0.11139,-0.170069999999999,0.0570400000000006,-1.26993999999999,1.2695,6,240.14579,0.19978,0.08176,0.01026,0.09773,0.19231,0.00049,0.01,81
23.71675,16.4116,7.52078,162.97406,29.18909,0.109309999999997,-0.168330000000001,0.05741,-1.27877000000001,1.27832,6,240.14579,0.19978,0.08176,0.01026,0.09773,0.19231,0.00049,0.01,82
23.82606,16.24327,7.57819,161.69529,30.46741,0.107220000000002,-0.166599999999999,0.0577699999999997,-1.28762,1.28716,6,240.14579,0.19978,0.08176,0.01026,0.09773,0.19231,0.00049,0.01,83
23.93328,16.07667,7.63596,160.40767,31.75457,0.105160000000001,-0.16489,0.0581399999999999,-1.29650999999998,1.29603,6,240.14579,0.19978,0.08176,0.01026,0.09773,0.19231,0.00049,0.01,84
24.03844,15.91178,7.6941,159.11116,33.0506,0.10313,-0.1632,0.0585000000000004,-1.30542000000003,1.30492,6,240.14579,0.19978,0.08176,0.01026,0.09773,0.19231,0.00049,0.01,85
24.14157,15.74858,7.7526,157.80574,34.35552,0.101089999999999,-0.161530000000001,0.0588699999999998,-1.31435999999999,1.31384,6,240.14579,0.19978,0.08176,0.01026,0.09773,0.19231,0.00049,0.01,86
24.24266,15.58705,7.81147,156.49138,35.66936,0.0991,-0.15987,0.05924,-1.32333,1.32279,6,240.14579,0.19978,0.08176,0.01026,0.09773,0.19231,0.00049,0.01,87
24.34176,15.42718,7.87071,155.16805,36.99215,0.0970999999999975,-0.15823,0.0596000000000005,-1.33231999999998,1.33176,6,240.14579,0.19978,0.08176,0.01026,0.09773,0.19231,0.00049,0.01,88
24.43886,15.26895,7.93031,153.83573,38.32391,0.095130000000001,-0.156610000000001,0.0599599999999993,-1.34133,1.34074,6,240.14579,0.19978,0.08176,0.01026,0.09773,0.19231,0.00049,0.01,89
24.53399,15.11234,7.99027,152.4944,39.66465,0.0931700000000006,-0.154999999999999,0.0603299999999996,-1.35036000000002,1.34976,6,240.14579,0.19978,0.08176,0.01026,0.09773,0.19231,0.00049,0.01,90
24.62716,14.95734,8.0506,151.14404,41.01441,0.0912399999999991,-0.153410000000001,0.060690000000001,-1.35942,1.35879,6,240.14579,0.19978,0.08176,0.01026,0.09773,0.19231,0.00049,0.01,91
24.7184,14.80393,8.11129,149.78462,42.3732,0.0893100000000011,-0.15184,0.0610599999999994,-1.36847999999998,1.36783,6,240.14579,0.19978,0.08176,0.01026,0.09773,0.19231,0.00049,0.01,92
24.80771,14.65209,8.17235,148.41614,43.74103,0.0874099999999984,-0.15029,0.0614100000000004,-1.37758000000002,1.3769,6,240.14579,0.19978,0.08176,0.01026,0.09773,0.19231,0.00049,0.01,93
24.89512,14.5018,8.23376,147.03856,45.11793,0.0855200000000025,-0.14874,0.0617800000000006,-1.38666999999998,1.38597,6,240.14579,0.19978,0.08176,0.01026,0.09773,0.19231,0.00049,0.01,94
24.98064,14.35306,8.29554,145.65189,46.5039,0.0836499999999987,-0.147209999999999,0.0621399999999994,-1.39579000000001,1.39505,6,240.14579,0.19978,0.08176,0.01026,0.09773,0.19231,0.00049,0.01,95
25.06429,14.20585,8.35768,144.2561,47.89895,0.0817900000000016,-0.1457,0.0625,-1.40491,1.40415,6,240.14579,0.19978,0.08176,0.01026,0.09773,0.19231,0.00049,0.01,96
25.14608,14.06015,8.42018,142.85119,49.3031,0.0799500000000002,-0.144209999999999,0.0628600000000006,-1.41405,1.41325,6,240.14579,0.19978,0.08176,0.01026,0.09773,0.19231,0.00049,0.01,97
25.22603,13.91594,8.48304,141.43714,50.71635,0.0781199999999984,-0.142740000000002,0.0632199999999994,-1.42318,1.42237,6,240.14579,0.19978,0.08176,0.01026,0.09773,0.19231,0.00049,0.01,98
25.30415,13.7732,8.54626,140.01396,52.13872,0.0763199999999991,-0.141259999999999,0.06358,-1.43233000000001,1.43147,6,240.14579,0.19978,0.08176,0.01026,0.09773,0.19231,0.00049,0.01,99
25.38047,13.63194,8.60984,138.58163,53.57019,0.0745199999999997,-0.13982,0.0639400000000006,-1.44147999999998,1.44059,6,240.14579,0.19978,0.08176,0.01026,0.09773,0.19231,0.00049,0.01,100
25.45499,13.49212,8.67378,137.14015,55.01078,0.0727399999999996,-0.13838,0.0642999999999994,-1.45063000000002,1.44969,6,240.14579,0.19978,0.08176,0.01026,0.09773,0.19231,0.00049,0.01,101
25.52773,13.35374,8.73808,135.68952,56.46047,0.0709800000000023,-0.13697,0.0646500000000003,-1.45976999999999,1.45881,6,240.14579,0.19978,0.08176,0.01026,0.09773,0.19231,0.00049,0.01,102
25.59871,13.21677,8.80273,134.22975,57.91928,0.069230000000001,-0.13556,0.0650099999999991,-1.46890999999999,1.4679,6,240.14579,0.19978,0.08176,0.01026,0.09773,0.19231,0.00049,0.01,103
25.66794,13.08121,8.86774,132.76084,59.38718,0.0674899999999994,-0.134170000000001,0.0653699999999997,-1.47803999999999,1.47699,6,240.14579,0.19978,0.08176,0.01026,0.09773,0.19231,0.00049,0.01,104
25.73543,12.94704,8.93311,131.2828,60.86417,0.0657800000000002,-0.13279,0.0657200000000007,-1.48716000000002,1.48607,6,240.14579,0.19978,0.08176,0.01026,0.09773,0.19231,0.00049,0.01,105
25.80121,12.81425,8.99883,129.79564,62.35024,0.0640699999999974,-0.13143,0.0660799999999995,-1.49626999999998,1.49513,6,240.14579,0.19978,0.08176,0.01026,0.09773,0.19231,0.00049,0.01,106
25.86528,12.68282,9.06491,128.29937,63.84537,0.062380000000001,-0.130089999999999,0.0664300000000004,-1.50536000000001,1.50417999999999,6,240.14579,0.19978,0.08176,0.01026,0.09773,0.19231,0.00049,0.01,107
25.92766,12.55273,9.13134,126.79401,65.34955,0.0607100000000003,-0.12875,0.066790000000001,-1.51443,1.51319000000001,6,240.14579,0.19978,0.08176,0.01026,0.09773,0.19231,0.00049,0.01,108
25.98837,12.42398,9.19813,125.27958,66.86274,0.0590399999999995,-0.127420000000001,0.0671299999999988,-1.52347999999999,1.52218999999999,6,240.14579,0.19978,0.08176,0.01026,0.09773,0.19231,0.00049,0.01,109
26.04741,12.29656,9.26526,123.7561,68.38493,0.0574000000000012,-0.12613,0.0674900000000012,-1.53249000000001,1.53115,6,240.14579,0.19978,0.08176,0.01026,0.09773,0.19231,0.00049,0.01,110
26.10481,12.17043,9.33275,122.22361,69.91608,0.0557599999999994,-0.12482,0.06785,-1.54149,1.54008,6,240.14579,0.19978,0.08176,0.01026,0.09773,0.19231,0.00049,0.01,111
26.16057,12.04561,9.4006,120.68212,71.45616,0.0541499999999999,-0.12355,0.0681899999999995,-1.55043999999999,1.54897,6,240.14579,0.19978,0.08176,0.01026,0.09773,0.19231,0.00049,0.01,112
26.21472,11.92206,9.46879,119.13168,73.00513,0.0525400000000005,-0.12228,0.0685400000000005,-1.55936,1.55783000000001,6,240.14579,0.19978,0.08176,0.01026,0.09773,0.19231,0.00049,0.01,113
26.26726,11.79978,9.53733,117.57232,74.56296,0.0509500000000003,-0.121029999999999,0.0688899999999997,-1.56823,1.56662999999999,6,240.14579,0.19978,0.08176,0.01026,0.09773,0.19231,0.00049,0.01,114
26.31821,11.67875,9.60622,116.00409,76.12959,0.0493600000000001,-0.11978,0.0692399999999989,-1.57705,1.57538000000001,6,240.14579,0.19978,0.08176,0.01026,0.09773,0.19231,0.00049,0.01,115
26.36757,11.55897,9.67546,114.42704,77.70497,0.0478099999999984,-0.11856,0.0695900000000016,-1.58582,1.58407,6,240.14579,0.19978,0.08176,0.01026,0.09773,0.19231,0.00049,0.01,116
26.41538,11.44041,9.74505,112.84122,79.28904,0.0462500000000006,-0.11734,0.069939999999999,-1.59453000000001,1.59269999999999,6,240.14579,0.19978,0.08176,0.01026,0.09773,0.19231,0.00049,0.01,117
26.46163,11.32307,9.81499,111.24669,80.88174,0.044710000000002,-0.11614,0.0702800000000003,-1.60317000000001,1.60127,6,240.14579,0.19978,0.08176,0.01026,0.09773,0.19231,0.00049,0.01,118
26.50634,11.20693,9.88527,109.64352,82.48301,0.0431899999999992,-0.114940000000001,0.0706199999999999,-1.61175999999999,1.60976000000001,6,240.14579,0.19978,0.08176,0.01026,0.09773,0.19231,0.00049,0.01,119
26.54953,11.09199,9.95589,108.03176,84.09277,0.0416799999999995,-0.113769999999999,0.0709699999999991,-1.62026,1.61816,6,240.14579,0.19978,0.08176,0.01026,0.09773,0.19231,0.00049,0.01,120
26.59121,10.97822,10.02686,106.4115,85.71093,0.0401699999999998,-0.1126,0.0713200000000001,-1.62867,1.62648999999999,6,240.14579,0.19978,0.08176,0.01026,0.09773,0.19231,0.00049,0.01,121
26.63138,10.86562,10.09818,104.78283,87.33742,0.038689999999999,-0.11144,0.07165,-1.63701,1.63470000000001,6,240.14579,0.19978,0.08176,0.01026,0.09773,0.19231,0.00049,0.01,122
26.67007,10.75418,10.16983,103.14582,88.97212,0.0372100000000017,-0.11031,0.072000000000001,-1.64523,1.64283999999999,6,240.14579,0.19978,0.08176,0.01026,0.09773,0.19231,0.00049,0.01,123
26.70728,10.64387,10.24183,101.50059,90.61496,0.0357500000000002,-0.109169999999999,0.0723400000000005,-1.65337000000001,1.65084,6,240.14579,0.19978,0.08176,0.01026,0.09773,0.19231,0.00049,0.01,124
26.74303,10.5347,10.31417,99.84722,92.2658,0.0343099999999978,-0.10805,0.0726800000000001,-1.66137999999999,1.65873999999999,6,240.14579,0.19978,0.08176,0.01026,0.09773,0.19231,0.00049,0.01,125
26.77734,10.42665,10.38685,98.18584,93.92454,0.0328599999999994,-0.10694,0.07301,-1.66927,1.66649000000001,6,240.14579,0.19978,0.08176,0.01026,0.09773,0.19231,0.00049,0.01,126
26.8102,10.31971,10.45986,96.51657,95.59103,0.0314400000000035,-0.105840000000001,0.0733599999999992,-1.67704000000001,1.67412999999999,6,240.14579,0.19978,0.08176,0.01026,0.09773,0.19231,0.00049,0.01,127
26.84164,10.21387,10.53322,94.83953,97.26516,0.03003,-0.104760000000001,0.0736899999999991,-1.68464999999999,1.68159,6,240.14579,0.19978,0.08176,0.01026,0.09773,0.19231,0.00049,0.01,128
26.87167,10.10911,10.60691,93.15488,98.94675,0.0286299999999997,-0.103689999999999,0.0740300000000005,-1.69213000000001,1.68892000000001,6,240.14579,0.19978,0.08176,0.01026,0.09773,0.19231,0.00049,0.01,129
26.9003,10.00542,10.68094,91.46275,100.63567,0.027239999999999,-0.102620000000002,0.0743600000000004,-1.69943000000001,1.69605,6,240.14579,0.19978,0.08176,0.01026,0.09773,0.19231,0.00049,0.01,130
26.92754,9.9028,10.7553,89.76332,102.33172,0.025859999999998,-0.101569999999999,0.0746900000000004,-1.70657,1.70300999999999,6,240.14579,0.19978,0.08176,0.01026,0.09773,0.19231,0.00049,0.01,131
26.9534,9.80123,10.82999,88.05675,104.03473,0.0245000000000033,-0.100530000000001,0.0750299999999999,-1.71351,1.70977000000001,6,240.14579,0.19978,0.08176,0.01026,0.09773,0.19231,0.00049,0.01,132
26.9779,9.7007,10.90502,86.34324,105.7445,0.0231399999999979,-0.099499999999999,0.0753599999999999,-1.72024999999999,1.71632,6,240.14579,0.19978,0.08176,0.01026,0.09773,0.19231,0.00049,0.01,133
27.00104,9.6012,10.98038,84.62299,107.46082,0.0217999999999989,-0.0984700000000007,0.0756899999999998,-1.72678000000001,1.72264,6,240.14579,0.19978,0.08176,0.01026,0.09773,0.19231,0.00049,0.01,134
27.02284,9.50273,11.05607,82.89621,109.18346,0.0204800000000027,-0.0974699999999995,0.0760199999999998,-1.73308,1.7287,6,240.14579,0.19978,0.08176,0.01026,0.09773,0.19231,0.00049,0.01,135
27.04332,9.40526,11.13209,81.16313,110.91216,0.0191499999999998,-0.0964700000000001,0.0763400000000001,-1.73912,1.73452,6,240.14579,0.19978,0.08176,0.01026,0.09773,0.19231,0.00049,0.01,136
27.06247,9.30879,11.20843,79.42401,112.64668,0.0178499999999993,-0.0954700000000006,0.07667,-1.74490999999999,1.74003999999999,6,240.14579,0.19978,0.08176,0.01026,0.09773,0.19231,0.00049,0.01,137
27.08032,9.21332,11.2851,77.6791,114.38672,0.0165499999999987,-0.0945,0.077,-1.7504,1.74526,6,240.14579,0.19978,0.08176,0.01026,0.09773,0.19231,0.00049,0.01,138
27.09687,9.11882,11.3621,75.9287,116.13198,0.0152600000000014,-0.0935299999999994,0.0773200000000003,-1.75558000000001,1.75017,6,240.14579,0.19978,0.08176,0.01026,0.09773,0.19231,0.00049,0.01,139
27.11213,9.02529,11.43942,74.17312,117.88215,0.0139899999999997,-0.0925700000000003,0.0776500000000002,-1.76044999999999,1.75471,6,240.14579,0.19978,0.08176,0.01026,0.09773,0.19231,0.00049,0.01,140
27.12612,8.93272,11.51707,72.41267,119.63686,0.0127300000000012,-0.0916199999999989,0.0779699999999988,-1.76495,1.75888,6,240.14579,0.19978,0.08176,0.01026,0.09773,0.19231,0.00049,0.01,141
27.13885,8.8411,11.59504,70.64772,121.39574,0.0114799999999988,-0.0906800000000008,0.0782800000000012,-1.76908,1.76266,6,240.14579,0.19978,0.08176,0.01026,0.09773,0.19231,0.00049,0.01,142
27.15033,8.75042,11.67332,68.87864,123.1584,0.0102399999999996,-0.0897500000000004,0.0786099999999994,-1.77279,1.76600000000001,6,240.14579,0.19978,0.08176,0.01026,0.09773,0.19231,0.00049,0.01,143
27.16057,8.66067,11.75193,67.10585,124.9244,0.00900000000000034,-0.0888299999999997,0.0789200000000001,-1.77608000000001,1.76886999999999,6,240.14579,0.19978,0.08176,0.01026,0.09773,0.19231,0.00049,0.01,144
27.16957,8.57184,11.83085,65.32977,126.69327,0.00778999999999996,-0.0879200000000004,0.0792400000000004,-1.77889999999999,1.77124999999999,6,240.14579,0.19978,0.08176,0.01026,0.09773,0.19231,0.00049,0.01,145
27.17736,8.48392,11.91009,63.55087,128.46452,0.00657999999999959,-0.0870099999999994,0.079559999999999,-1.78120000000001,1.77307999999999,6,240.14579,0.19978,0.08176,0.01026,0.09773,0.19231,0.00049,0.01,146
27.18394,8.39691,11.98965,61.76967,130.2376,0.00537999999999883,-0.0861300000000007,0.07986,-1.78297,1.77435000000003,6,240.14579,0.19978,0.08176,0.01026,0.09773,0.19231,0.00049,0.01,147
27.18932,8.31078,12.06951,59.9867,132.01195,0.00419000000000125,-0.0852399999999989,0.0801800000000004,-1.78414,1.77498999999997,6,240.14579,0.19978,0.08176,0.01026,0.09773,0.19231,0.00049,0.01,148
27.19351,8.22554,12.14969,58.20256,133.78694,0.00300999999999974,-0.0843600000000002,0.0804900000000011,-1.78471,1.77495000000002,6,240.14579,0.19978,0.08176,0.01026,0.09773,0.19231,0.00049,0.01,149
27.19652,8.14118,12.23018,56.41785,135.56189,0.00185000000000102,-0.0835100000000004,0.0808,-1.78457,1.77419,6,240.14579,0.19978,0.08176,0.01026,0.09773,0.19231,0.00049,0.01,150
27.19837,8.05767,12.31098,54.63328,137.33608,0.000689999999998747,-0.0826399999999996,0.0811099999999989,-1.78373,1.77266999999998,6,240.14579,0.19978,0.08176,0.01026,0.09773,0.19231,0.00049,0.01,151
27.19906,7.97503,12.39209,52.84955,139.10875,-0.000450000000000728,-0.0818000000000003,0.08141,-1.78208,1.77028000000001,6,240.14579,0.19978,0.08176,0.01026,0.09773,0.19231,0.00049,0.01,152
27.19861,7.89323,12.4735,51.06747,140.87903,-0.00159999999999982,-0.0809600000000001,0.0817200000000007,-1.7796,1.76701,6,240.14579,0.19978,0.08176,0.01026,0.09773,0.19231,0.00049,0.01,153
27.19701,7.81227,12.55522,49.28787,142.64604,-0.00271000000000043,-0.08012,0.08202,-1.77619,1.76275000000001,6,240.14579,0.19978,0.08176,0.01026,0.09773,0.19231,0.00049,0.01,154
27.1943,7.73215,12.63724,47.51168,144.40879,-0.00383999999999673,-0.0793099999999995,0.0823199999999993,-1.77181,1.75743,6,240.14579,0.19978,0.08176,0.01026,0.09773,0.19231,0.00049,0.01,155
27.19046,7.65284,12.71956,45.73987,146.16622,-0.00493000000000166,-0.0784900000000004,0.0826200000000004,-1.76634000000001,1.75095999999999,6,240.14579,0.19978,0.08176,0.01026,0.09773,0.19231,0.00049,0.01,156
27.18553,7.57435,12.80218,43.97353,147.91718,-0.00603999999999871,-0.0776899999999996,0.0829199999999997,-1.75973999999999,1.74327,6,240.14579,0.19978,0.08176,0.01026,0.09773,0.19231,0.00049,0.01,157
27.17949,7.49666,12.8851,42.21379,149.66045,-0.00712000000000046,-0.0768900000000006,0.0832100000000011,-1.75188,1.73424,6,240.14579,0.19978,0.08176,0.01026,0.09773,0.19231,0.00049,0.01,158
27.17237,7.41977,12.96831,40.46191,151.39469,-0.00820000000000221,-0.0760999999999994,0.0835099999999986,-1.74268,1.72375,6,240.14579,0.19978,0.08176,0.01026,0.09773,0.19231,0.00049,0.01,159
27.16417,7.34367,13.05182,38.71923,153.11844,-0.0092599999999976,-0.0753200000000005,0.0838000000000001,-1.73202000000001,1.71172000000001,6,240.14579,0.19978,0.08176,0.01026,0.09773,0.19231,0.00049,0.01,160
27.15491,7.26835,13.13562,36.98721,154.83016,-0.0103299999999997,-0.0745499999999995,0.0840899999999998,-1.71979,1.69799,6,240.14579,0.19978,0.08176,0.01026,0.09773,0.19231,0.00049,0.01,161
27.14458,7.1938,13.21971,35.26742,156.52815,-0.011370000000003,-0.0737900000000007,0.0843900000000009,-1.70586,1.68242999999998,6,240.14579,0.19978,0.08176,0.01026,0.09773,0.19231,0.00049,0.01,162
27.13321,7.12001,13.3041,33.56156,158.21058,-0.0123999999999995,-0.0730199999999996,0.0846699999999991,-1.69009,1.66491000000002,6,240.14579,0.19978,0.08176,0.01026,0.09773,0.19231,0.00049,0.01,163
27.12081,7.04699,13.38877,31.87147,159.87549,-0.0134399999999992,-0.0722800000000001,0.084950000000001,-1.67233,1.64525999999998,6,240.14579,0.19978,0.08176,0.01026,0.09773,0.19231,0.00049,0.01,164
27.10737,6.97471,13.47372,30.19914,161.52075,-0.0144500000000001,-0.0715399999999997,0.0852400000000006,-1.65245,1.62333000000001,6,240.14579,0.19978,0.08176,0.01026,0.09773,0.19231,0.00049,0.01,165
27.09292,6.90317,13.55896,28.54669,163.14408,-0.0154700000000005,-0.0708000000000002,0.0855199999999989,-1.63026,1.59894,6,240.14579,0.19978,0.08176,0.01026,0.09773,0.19231,0.00049,0.01,166
27.07745,6.83237,13.64448,26.91643,164.74302,-0.0164599999999986,-0.0700799999999999,0.0858000000000008,-1.60559,1.57192000000001,6,240.14579,0.19978,0.08176,0.01026,0.09773,0.19231,0.00049,0.01,167
27.06099,6.76229,13.73028,25.31084,166.31494,-0.0174599999999998,-0.0693600000000005,0.0860699999999994,-1.57829,1.54207,6,240.14579,0.19978,0.08176,0.01026,0.09773,0.19231,0.00049,0.01,168
27.04353,6.69293,13.81635,23.73255,167.85701,-0.0184300000000022,-0.0686499999999999,0.0863600000000009,-1.54815,1.50925000000001,6,240.14579,0.19978,0.08176,0.01026,0.09773,0.19231,0.00049,0.01,169
27.0251,6.62428,13.90271,22.1844,169.36626,-0.019409999999997,-0.0679400000000001,0.0866299999999995,-1.51502,1.47324999999998,6,240.14579,0.19978,0.08176,0.01026,0.09773,0.19231,0.00049,0.01,170
27.00569,6.55634,13.98934,20.66938,170.83951,-0.0203699999999998,-0.0672499999999996,0.0868900000000004,-1.47869,1.43394000000001,6,240.14579,0.19978,0.08176,0.01026,0.09773,0.19231,0.00049,0.01,171
26.98532,6.48909,14.07623,19.19069,172.27345,-0.0213300000000025,-0.0665500000000003,0.0871699999999986,-1.43905,1.39115000000001,6,240.14579,0.19978,0.08176,0.01026,0.09773,0.19231,0.00049,0.01,172
26.96399,6.42254,14.1634,17.75164,173.6646,-0.0222699999999989,-0.0658799999999999,0.0874400000000009,-1.39592,1.34481,6,240.14579,0.19978,0.08176,0.01026,0.09773,0.19231,0.00049,0.01,173
26.94172,6.35666,14.25084,16.35572,175.00941,-0.0232099999999988,-0.0651899999999994,0.0876999999999999,-1.34922,1.29483999999999,6,240.14579,0.19978,0.08176,0.01026,0.09773,0.19231,0.00049,0.01,174
26.91851,6.29147,14.33854,15.0065,176.30425,-0.0241299999999995,-0.0645300000000004,0.0879700000000003,-1.29888,1.24123,6,240.14579,0.19978,0.08176,0.01026,0.09773,0.19231,0.00049,0.01,175
26.89438,6.22694,14.42651,13.70762,177.54548,-0.0250600000000034,-0.0638699999999996,0.0882299999999994,-1.24493,1.1841,6,240.14579,0.19978,0.08176,0.01026,0.09773,0.19231,0.00049,0.01,176
26.86932,6.16307,14.51474,12.46269,178.72958,-0.0259599999999978,-0.0632100000000007,0.0884900000000002,-1.18741,1.12357,6,240.14579,0.19978,0.08176,0.01026,0.09773,0.19231,0.00049,0.01,177
26.84336,6.09986,14.60323,11.27528,179.85315,-0.0268599999999992,-0.06257,0.0887399999999996,-1.12654,1.05996999999999,6,240.14579,0.19978,0.08176,0.01026,0.09773,0.19231,0.00049,0.01,178
26.8165,6.03729,14.69197,10.14874,180.91312,-0.0277500000000011,-0.0619199999999998,0.0890000000000004,-1.06259,0.993680000000012,6,240.14579,0.19978,0.08176,0.01026,0.09773,0.19231,0.00049,0.01,179
26.78875,5.97537,14.78097,9.08615,181.9068,-0.0286399999999993,-0.0612899999999996,0.0892599999999995,-0.99596,0.925260000000009,6,240.14579,0.19978,0.08176,0.01026,0.09773,0.19231,0.00049,0.01,180
26.76011,5.91408,14.87023,8.09019,182.83206,-0.0295100000000019,-0.0606600000000004,0.089500000000001,-0.92721,0.855349999999987,6,240.14579,0.19978,0.08176,0.01026,0.09773,0.19231,0.00049,0.01,181
26.7306,5.85342,14.95973,7.16298,183.68741,-0.0303799999999974,-0.0600300000000002,0.0897500000000004,-0.857,0.784750000000003,6,240.14579,0.19978,0.08176,0.01026,0.09773,0.19231,0.00049,0.01,182
26.70022,5.79339,15.04948,6.30598,184.47216,-0.0312400000000004,-0.0594199999999994,0.0899999999999999,-0.78613,0.714310000000012,6,240.14579,0.19978,0.08176,0.01026,0.09773,0.19231,0.00049,0.01,183
26.66898,5.73397,15.13948,5.51985,185.18647,-0.0320800000000006,-0.0588100000000003,0.0902499999999993,-0.71544,0.644949999999994,6,240.14579,0.19978,0.08176,0.01026,0.09773,0.19231,0.00049,0.01,184
26.6369,5.67516,15.22973,4.80441,185.83142,-0.0329300000000003,-0.0582099999999999,0.0904799999999994,-0.64587,0.577579999999983,6,240.14579,0.19978,0.08176,0.01026,0.09773,0.19231,0.00049,0.01,185
26.60397,5.61695,15.32021,4.15854,186.409,-0.0337500000000013,-0.0576100000000004,0.090720000000001,-0.5783,0.513040000000018,6,240.14579,0.19978,0.08176,0.01026,0.09773,0.19231,0.00049,0.01,186
26.57022,5.55934,15.41093,3.58024,186.92204,-0.0345799999999983,-0.0570199999999996,0.090959999999999,-0.51361,0.452100000000002,6,240.14579,0.19978,0.08176,0.01026,0.09773,0.19231,0.00049,0.01,187
26.53564,5.50232,15.50189,3.06663,187.37414,-0.0353899999999996,-0.0564400000000003,0.0912000000000006,-0.45254,0.395339999999976,6,240.14579,0.19978,0.08176,0.01026,0.09773,0.19231,0.00049,0.01,188
26.50025,5.44588,15.59309,2.61409,187.76948,-0.0362000000000009,-0.05586,0.0914199999999994,-0.39568,0.343209999999999,6,240.14579,0.19978,0.08176,0.01026,0.09773,0.19231,0.00049,0.01,189
26.46405,5.39002,15.68451,2.21841,188.11269,-0.036999999999999,-0.0552799999999998,0.091660000000001,-0.34345,0.295930000000027,6,240.14579,0.19978,0.08176,0.01026,0.09773,0.19231,0.00049,0.01,190
26.42705,5.33474,15.77617,1.87496,188.40862,-0.0377900000000011,-0.0547199999999997,0.0918799999999997,-0.29611,0.253569999999996,6,240.14579,0.19978,0.08176,0.01026,0.09773,0.19231,0.00049,0.01,191
26.38926,5.28002,15.86805,1.57885,188.66219,-0.03857,-0.0541500000000008,0.0921099999999999,-0.25371,0.216070000000002,6,240.14579,0.19978,0.08176,0.01026,0.09773,0.19231,0.00049,0.01,192
26.35069,5.22587,15.96016,1.32514,188.87826,-0.0393399999999993,-0.0535999999999994,0.0923199999999991,-0.21616,0.183179999999993,6,240.14579,0.19978,0.08176,0.01026,0.09773,0.19231,0.00049,0.01,193
26.31135,5.17227,16.05248,1.10898,189.06144,-0.0401100000000021,-0.0530499999999998,0.0925499999999992,-0.18325,0.154609999999991,6,240.14579,0.19978,0.08176,0.01026,0.09773,0.19231,0.00049,0.01,194
26.27124,5.11922,16.14503,0.92573,189.21605,-0.0408599999999986,-0.0525100000000007,0.0927700000000016,-0.15466,0.129989999999992,6,240.14579,0.19978,0.08176,0.01026,0.09773,0.19231,0.00049,0.01,195
26.23038,5.06671,16.2378,0.77107,189.34604,-0.0416200000000018,-0.0519699999999998,0.0929800000000007,-0.13002,0.108930000000015,6,240.14579,0.19978,0.08176,0.01026,0.09773,0.19231,0.00049,0.01,196
26.18876,5.01474,16.33078,0.64105,189.45497,-0.042349999999999,-0.0514299999999999,0.0931899999999999,-0.10895,0.0910099999999829,6,240.14579,0.19978,0.08176,0.01026,0.09773,0.19231,0.00049,0.01,197
26.14641,4.96331,16.42397,0.5321,189.54598,-0.0430899999999994,-0.05091,0.093399999999999,-0.09103,0.0758600000000058,6,240.14579,0.19978,0.08176,0.01026,0.09773,0.19231,0.00049,0.01,198
26.10332,4.9124,16.51737,0.44107,189.62184,-0.0438100000000006,-0.0503799999999996,0.0935999999999986,-0.07587,0.0631099999999947,6,240.14579,0.19978,0.08176,0.01026,0.09773,0.19231,0.00049,0.01,199
26.05951,4.86202,16.61097,0.3652,189.68495,-0.0445299999999982,-0.0498700000000003,0.0938100000000013,-0.06311,0.0523900000000026,6,240.14579,0.19978,0.08176,0.01026,0.09773,0.19231,0.00049,0.01,200
26.01498,4.81215,16.70478,0.30209,189.73734,-0.0452399999999997,-0.0493600000000001,0.0940100000000008,-0.05241,0.0434500000000071,6,240.14579,0.19978,0.08176,0.01026,0.09773,0.19231,0.00049,0.01,201
25.96974,4.76279,16.79879,0.24968,189.78079,-0.045930000000002,-0.0488499999999998,0.0942100000000003,-0.04345,0.035979999999995,6,240.14579,0.19978,0.08176,0.01026,0.09773,0.19231,0.00049,0.01,202
25.92381,4.71394,16.893,0.20623,189.81677,-0.04664,-0.0483500000000001,0.0944000000000003,-0.03598,0.0297700000000134,6,240.14579,0.19978,0.08176,0.01026,0.09773,0.19231,0.00049,0.01,203
25.87717,4.66559,16.9874,0.17025,189.84654,-0.0473099999999995,-0.0478499999999995,0.0945999999999998,-0.02977,0.0245999999999924,6,240.14579,0.19978,0.08176,0.01026,0.09773,0.19231,0.00049,0.01,204
25.82986,4.61774,17.082,0.14048,189.87114,-0.0479999999999983,-0.0473600000000003,0.0947899999999997,-0.0246,0.0203300000000013,6,240.14579,0.19978,0.08176,0.01026,0.09773,0.19231,0.00049,0.01,205
25.78186,4.57038,17.17679,0.11588,189.89147,-0.0486600000000017,-0.0468799999999998,0.09497,-0.02033,0.0167800000000113,6,240.14579,0.19978,0.08176,0.01026,0.09773,0.19231,0.00049,0.01,206
25.7332,4.5235,17.27176,0.09555,189.90825,-0.0493300000000012,-0.0463900000000006,0.0951599999999999,-0.01678,0.0138399999999876,6,240.14579,0.19978,0.08176,0.01026,0.09773,0.19231,0.00049,0.01,207
25.68387,4.47711,17.36692,0.07877,189.92209,-0.0499799999999979,-0.0459199999999997,0.0953400000000002,-0.01385,0.0114299999999901,6,240.14579,0.19978,0.08176,0.01026,0.09773,0.19231,0.00049,0.01,208
25.63389,4.43119,17.46226,0.06492,189.93352,-0.0506300000000017,-0.0454499999999998,0.0955200000000005,-0.01142,0.00942000000000576,6,240.14579,0.19978,0.08176,0.01026,0.09773,0.19231,0.00049,0.01,209
25.58326,4.38574,17.55778,0.0535,189.94294,-0.0512599999999992,-0.0449900000000003,0.0956899999999976,-0.00942,0.00776000000001886,6,240.14579,0.19978,0.08176,0.01026,0.09773,0.19231,0.00049,0.01,210
25.532,4.34075,17.65347,0.04408,189.9507,-0.0518999999999998,-0.0445199999999994,0.0958700000000015,-0.00776,0.00639999999998508,6,240.14579,0.19978,0.08176,0.01026,0.09773,0.19231,0.00049,0.01,211
25.4801,4.29623,17.74934,0.03632,189.9571,-0.0525200000000012,-0.0440600000000009,0.0960399999999986,-0.0064,0.00526999999999589,6,240.14579,0.19978,0.08176,0.01026,0.09773,0.19231,0.00049,0.01,212
25.42758,4.25217,17.84538,0.02992,189.96237,-0.0531399999999991,-0.0436199999999998,0.0961999999999996,-0.00528,0.00435000000001651,6,240.14579,0.19978,0.08176,0.01026,0.09773,0.19231,0.00049,0.01,213
25.37444,4.20855,17.94158,0.02464,189.96672,-0.0537400000000012,-0.0431599999999994,0.0963700000000003,-0.00434,0.00357999999999947,6,240.14579,0.19978,0.08176,0.01026,0.09773,0.19231,0.00049,0.01,214
25.3207,4.16539,18.03795,0.0203,189.9703,-0.0543499999999995,-0.0427300000000006,0.0965300000000013,-0.00358,0.00294999999999845,6,240.14579,0.19978,0.08176,0.01026,0.09773,0.19231,0.00049,0.01,215
25.26635,4.12266,18.13448,0.01672,189.97325,-0.0549399999999984,-0.0422799999999999,0.0966899999999988,-0.00295,0.00243000000000393,6,240.14579,0.19978,0.08176,0.01026,0.09773,0.19231,0.00049,0.01,216
25.21141,4.08038,18.23117,0.01377,189.97568,-0.055530000000001,-0.0418500000000002,0.0968400000000003,-0.00243,0.00199999999998113,6,240.14579,0.19978,0.08176,0.01026,0.09773,0.19231,0.00049,0.01,217
25.15588,4.03853,18.32801,0.01134,189.97768,-0.0561100000000003,-0.0414199999999996,0.0970000000000013,-0.002,0.00165000000001214,6,240.14579,0.19978,0.08176,0.01026,0.09773,0.19231,0.00049,0.01,218
