"S","A","R","P","C","dS","dA","dR","dP","dC","Q","N","uc_F","lc_f","mu","lmda","phi","kappa","epsilon","t"
18.45276,101.29622,0.01607,129.77685,0,15.07927,-18.4437,0.0109,0,0,10,253.64181,0.48835,0.10064,0.18207,0.05869,0.13135,3e-04,0.01,1
33.53203,82.85252,0.02697,129.77685,0,12.32806,-15.08634,0.01521,0,0,10,253.64181,0.48835,0.10064,0.18207,0.05869,0.13135,3e-04,0.01,2
45.86009,67.76618,0.04218,129.77685,0,10.0776,-12.3405,0.01909,0,0,10,253.64181,0.48835,0.10064,0.18207,0.05869,0.13135,3e-04,0.01,3
55.93769,55.42568,0.06127,129.77685,0,8.23666,-10.09481,0.02266,0,0,10,253.64181,0.48835,0.10064,0.18207,0.05869,0.13135,3e-04,0.01,4
64.17435,45.33087,0.08393,129.77685,0,6.73066999999999,-8.2582,0.02598,0,0,10,253.64181,0.48835,0.10064,0.18207,0.05869,0.13135,3e-04,0.01,5
70.90502,37.07267,0.10991,129.77685,0,5.49859000000001,-6.75616,0.02913,0,0,10,253.64181,0.48835,0.10064,0.18207,0.05869,0.13135,3e-04,0.01,6
76.40361,30.31651,0.13904,129.77685,0,4.49052,-5.52778,0.03214,0,0,10,253.64181,0.48835,0.10064,0.18207,0.05869,0.13135,3e-04,0.01,7
80.89413,24.78873,0.17118,129.77685,0,3.66566999999999,-4.5232,0.03509,0,0,10,253.64181,0.48835,0.10064,0.18207,0.05869,0.13135,3e-04,0.01,8
84.5598,20.26553,0.20627,129.77685,0,2.99062000000001,-3.70168,0.03797,0,0,10,253.64181,0.48835,0.10064,0.18207,0.05869,0.13135,3e-04,0.01,9
87.55042,16.56385,0.24424,129.77685,0,2.43808,-3.02987,0.04081,0,0,10,253.64181,0.48835,0.10064,0.18207,0.05869,0.13135,3e-04,0.01,10
89.9885,13.53398,0.28505,129.77685,0,1.98575,-2.48048,0.04364,0,0,10,253.64181,0.48835,0.10064,0.18207,0.05869,0.13135,3e-04,0.01,11
91.97425,11.0535,0.32869,129.77685,0,1.61534,-2.03122,0.04641,0,0,10,253.64181,0.48835,0.10064,0.18207,0.05869,0.13135,3e-04,0.01,12
93.58959,9.02228,0.3751,129.77685,0,1.31193999999999,-1.6638,0.04915,0,0,10,253.64181,0.48835,0.10064,0.18207,0.05869,0.13135,3e-04,0.01,13
94.90153,7.35848,0.42425,129.77685,0,1.06334000000001,-1.36329,0.05176,0,0,10,253.64181,0.48835,0.10064,0.18207,0.05869,0.13135,3e-04,0.01,14
95.96487,5.99519,0.47601,129.77685,0,0.859569999999991,-1.11741,0.05422,0,0,10,253.64181,0.48835,0.10064,0.18207,0.05869,0.13135,3e-04,0.01,15
96.82444,4.87778,0.53023,129.77685,0,0.692520000000002,-0.91615,0.05642,0,0,10,253.64181,0.48835,0.10064,0.18207,0.05869,0.13135,3e-04,0.01,16
97.51696,3.96163,0.58665,129.77685,0,0.555530000000005,-0.75128,0.05825,0,0,10,253.64181,0.48835,0.10064,0.18207,0.05869,0.13135,3e-04,0.01,17
98.07249,3.21035,0.6449,129.77685,0,0.443209999999993,-0.61602,0.05958,0,0,10,253.64181,0.48835,0.10064,0.18207,0.05869,0.13135,3e-04,0.01,18
98.5157,2.59433,0.70448,129.77685,0,0.351150000000004,-0.50486,0.06029,0,0,10,253.64181,0.48835,0.10064,0.18207,0.05869,0.13135,3e-04,0.01,19
98.86685,2.08947,0.76477,129.77685,0,0.275810000000007,-0.41328,0.06028,0,0,10,253.64181,0.48835,0.10064,0.18207,0.05869,0.13135,3e-04,0.01,20
99.14266,1.67619,0.82505,129.77685,0,0.214249999999993,-0.33764,0.0594800000000001,0,0,10,253.64181,0.48835,0.10064,0.18207,0.05869,0.13135,3e-04,0.01,21
99.35691,1.33855,0.88453,129.77685,0,0.16413,-0.27496,0.05791,0,0,10,253.64181,0.48835,0.10064,0.18207,0.05869,0.13135,3e-04,0.01,22
99.52104,1.06359,0.94244,129.77685,0,0.123480000000001,-0.22297,0.05568,0,0,10,253.64181,0.48835,0.10064,0.18207,0.05869,0.13135,3e-04,0.01,23
99.64452,0.84062,0.99812,129.77685,0,0.0907100000000014,-0.17984,0.05296,0,0,10,253.64181,0.48835,0.10064,0.18207,0.05869,0.13135,3e-04,0.01,24
99.73523,0.66078,1.05108,129.77685,0,0.0644400000000047,-0.14412,0.04999,0,0,10,253.64181,0.48835,0.10064,0.18207,0.05869,0.13135,3e-04,0.01,25
99.79967,0.51666,1.10107,129.77685,0,0.0435299999999899,-0.1147,0.04694,0,0,10,253.64181,0.48835,0.10064,0.18207,0.05869,0.13135,3e-04,0.01,26
99.8432,0.40196,1.14801,129.77685,0,0.0270100000000042,-0.09066,0.0440400000000001,0,0,10,253.64181,0.48835,0.10064,0.18207,0.05869,0.13135,3e-04,0.01,27
99.87021,0.3113,1.19205,129.77685,0,0.0140600000000006,-0.07117,0.0414099999999999,0,0,10,253.64181,0.48835,0.10064,0.18207,0.05869,0.13135,3e-04,0.01,28
99.88427,0.24013,1.23346,129.77685,0,0.00392999999999688,-0.05551,0.0390999999999999,0,0,10,253.64181,0.48835,0.10064,0.18207,0.05869,0.13135,3e-04,0.01,29
99.8882,0.18462,1.27256,129.77685,0,-0.00390000000000157,-0.04308,0.03715,0,0,10,253.64181,0.48835,0.10064,0.18207,0.05869,0.13135,3e-04,0.01,30
99.8843,0.14154,1.30971,129.77685,0,-0.00995999999999242,-0.03327,0.0355400000000001,0,0,10,253.64181,0.48835,0.10064,0.18207,0.05869,0.13135,3e-04,0.01,31
99.87434,0.10827,1.34525,129.77685,0,-0.0146200000000078,-0.02559,0.03424,0,0,10,253.64181,0.48835,0.10064,0.18207,0.05869,0.13135,3e-04,0.01,32
99.85972,0.08268,1.37949,129.77685,0,-0.0181899999999899,-0.01963,0.0331999999999999,0,0,10,253.64181,0.48835,0.10064,0.18207,0.05869,0.13135,3e-04,0.01,33
99.84153,0.06305,1.41269,129.77685,0,-0.0209200000000038,-0.01502,0.0323800000000001,0,0,10,253.64181,0.48835,0.10064,0.18207,0.05869,0.13135,3e-04,0.01,34
99.82061,0.04803,1.44507,129.77685,0,-0.0229999999999961,-0.01148,0.0317399999999999,0,0,10,253.64181,0.48835,0.10064,0.18207,0.05869,0.13135,3e-04,0.01,35
99.79761,0.03655,1.47681,129.77685,0,-0.0245800000000003,-0.00874,0.03125,0,0,10,253.64181,0.48835,0.10064,0.18207,0.05869,0.13135,3e-04,0.01,36
99.77303,0.02781,1.50806,129.77685,0,-0.0258000000000038,-0.00667,0.03085,0,0,10,253.64181,0.48835,0.10064,0.18207,0.05869,0.13135,3e-04,0.01,37
99.74723,0.02114,1.53891,129.77685,0,-0.0267000000000053,-0.00507,0.0305599999999999,0,0,10,253.64181,0.48835,0.10064,0.18207,0.05869,0.13135,3e-04,0.01,38
99.72053,0.01607,1.56947,129.77685,0,-0.0274100000000033,-0.00386,0.0303300000000002,0,0,10,253.64181,0.48835,0.10064,0.18207,0.05869,0.13135,3e-04,0.01,39
99.69312,0.01221,1.5998,129.77685,0,-0.0279299999999978,-0.00294,0.0301499999999999,0,0,10,253.64181,0.48835,0.10064,0.18207,0.05869,0.13135,3e-04,0.01,40
99.66519,0.00927,1.62995,129.77685,0,-0.0283199999999937,-0.00223,0.0300100000000001,0,0,10,253.64181,0.48835,0.10064,0.18207,0.05869,0.13135,3e-04,0.01,41
99.63687,0.00704,1.65996,129.77685,0,-0.0286300000000068,-0.00169,0.0299099999999999,0,0,10,253.64181,0.48835,0.10064,0.18207,0.05869,0.13135,3e-04,0.01,42
99.60824,0.00535,1.68987,129.77685,0,-0.0288499999999914,-0.00129,0.02982,0,0,10,253.64181,0.48835,0.10064,0.18207,0.05869,0.13135,3e-04,0.01,43
99.57939,0.00406,1.71969,129.77685,0,-0.0290200000000027,-0.00097,0.02976,0,0,10,253.64181,0.48835,0.10064,0.18207,0.05869,0.13135,3e-04,0.01,44
99.55037,0.00309,1.74945,129.77685,0,-0.0291500000000013,-0.00075,0.0297000000000001,0,0,10,253.64181,0.48835,0.10064,0.18207,0.05869,0.13135,3e-04,0.01,45
99.52122,0.00234,1.77915,129.77685,0,-0.0292500000000047,-0.00056,0.02966,0,0,10,253.64181,0.48835,0.10064,0.18207,0.05869,0.13135,3e-04,0.01,46
99.49197,0.00178,1.80881,129.77685,0,-0.0293099999999953,-0.00043,0.02963,0,0,10,253.64181,0.48835,0.10064,0.18207,0.05869,0.13135,3e-04,0.01,47
99.46266,0.00135,1.83844,129.77685,0,-0.0293599999999969,-0.00032,0.0295999999999998,0,0,10,253.64181,0.48835,0.10064,0.18207,0.05869,0.13135,3e-04,0.01,48
99.4333,0.00103,1.86804,129.77685,0,-0.0294000000000096,-0.00025,0.0295800000000002,0,0,10,253.64181,0.48835,0.10064,0.18207,0.05869,0.13135,3e-04,0.01,49
99.4039,0.00078,1.89762,129.77685,0,-0.0294199999999876,-0.00019,0.0295599999999998,0,0,10,253.64181,0.48835,0.10064,0.18207,0.05869,0.13135,3e-04,0.01,50
99.37448,0.00059,1.92718,129.77685,0,-0.0294400000000081,-0.00014,0.0295400000000001,0,0,10,253.64181,0.48835,0.10064,0.18207,0.05869,0.13135,3e-04,0.01,51
99.34504,0.00045,1.95672,129.77685,0,-0.0294600000000003,-0.00011,0.02952,0,0,10,253.64181,0.48835,0.10064,0.18207,0.05869,0.13135,3e-04,0.01,52
99.31558,0.00034,1.98624,129.77685,0,-0.0294600000000003,-8e-05,0.0295200000000002,0,0,10,253.64181,0.48835,0.10064,0.18207,0.05869,0.13135,3e-04,0.01,53
99.28612,0.00026,2.01576,129.77685,0,-0.0294600000000003,-6e-05,0.0294999999999996,0,0,10,253.64181,0.48835,0.10064,0.18207,0.05869,0.13135,3e-04,0.01,54
99.25666,2e-04,2.04526,129.77685,0,-0.0294600000000003,-5e-05,0.02948,0,0,10,253.64181,0.48835,0.10064,0.18207,0.05869,0.13135,3e-04,0.01,55
99.2272,0.00015,2.07474,129.77685,0,-0.0294600000000003,-4e-05,0.0294800000000004,0,0,10,253.64181,0.48835,0.10064,0.18207,0.05869,0.13135,3e-04,0.01,56
99.19774,0.00011,2.10422,129.77685,0,-0.0294499999999971,-2e-05,0.0294699999999999,0,0,10,253.64181,0.48835,0.10064,0.18207,0.05869,0.13135,3e-04,0.01,57
99.16829,9e-05,2.13369,129.77685,0,-0.0294499999999971,-2e-05,0.0294499999999998,0,0,10,253.64181,0.48835,0.10064,0.18207,0.05869,0.13135,3e-04,0.01,58
99.13884,7e-05,2.16314,129.77685,0,-0.0294400000000081,-2e-05,0.0294500000000002,0,0,10,253.64181,0.48835,0.10064,0.18207,0.05869,0.13135,3e-04,0.01,59
99.1094,5e-05,2.19259,129.77685,0,-0.0294399999999939,-1e-05,0.0294400000000001,0,0,10,253.64181,0.48835,0.10064,0.18207,0.05869,0.13135,3e-04,0.01,60
99.07996,4e-05,2.22203,129.77685,0,-0.029430000000005,-1e-05,0.0294299999999996,0,0,10,253.64181,0.48835,0.10064,0.18207,0.05869,0.13135,3e-04,0.01,61
99.05053,3e-05,2.25146,129.77685,0,-0.0294200000000018,-1e-05,0.02942,0,0,10,253.64181,0.48835,0.10064,0.18207,0.05869,0.13135,3e-04,0.01,62
99.02111,2e-05,2.28088,129.77685,0,-0.0294199999999876,0,0.0294100000000004,0,0,10,253.64181,0.48835,0.10064,0.18207,0.05869,0.13135,3e-04,0.01,63
98.99169,2e-05,2.31029,129.77685,0,-0.0294099999999986,-1e-05,0.0293999999999999,0,0,10,253.64181,0.48835,0.10064,0.18207,0.05869,0.13135,3e-04,0.01,64
98.96228,1e-05,2.33969,129.77685,0,-0.0294000000000096,0,0.0293899999999998,0,0,10,253.64181,0.48835,0.10064,0.18207,0.05869,0.13135,3e-04,0.01,65
98.93288,1e-05,2.36908,129.77685,0,-0.0293899999999923,0,0.0293800000000002,0,0,10,253.64181,0.48835,0.10064,0.18207,0.05869,0.13135,3e-04,0.01,66
98.90349,1e-05,2.39846,129.77685,0,-0.0293800000000033,0,0.0293800000000002,0,0,10,253.64181,0.48835,0.10064,0.18207,0.05869,0.13135,3e-04,0.01,67
98.87411,1e-05,2.42784,129.77685,0,-0.0293700000000001,-1e-05,0.0293599999999996,0,0,10,253.64181,0.48835,0.10064,0.18207,0.05869,0.13135,3e-04,0.01,68
98.84474,0,2.4572,129.77685,0,-0.0293700000000001,0,0.0293600000000001,0,0,10,253.64181,0.48835,0.10064,0.18207,0.05869,0.13135,3e-04,0.01,69
98.81537,0,2.48656,129.77685,0,-0.029350000000008,0,0.02935,0,0,10,253.64181,0.48835,0.10064,0.18207,0.05869,0.13135,3e-04,0.01,70
98.78602,0,2.51591,129.77685,0,-0.0293499999999938,0,0.0293399999999999,0,0,10,253.64181,0.48835,0.10064,0.18207,0.05869,0.13135,3e-04,0.01,71
98.75667,0,2.54525,129.77685,0,-0.0293400000000048,0,0.0293300000000003,0,0,10,253.64181,0.48835,0.10064,0.18207,0.05869,0.13135,3e-04,0.01,72
98.72733,0,2.57458,129.77685,0,-0.0293300000000016,0,0.0293199999999998,0,0,10,253.64181,0.48835,0.10064,0.18207,0.05869,0.13135,3e-04,0.01,73
98.698,0,2.6039,129.77685,0,-0.0293199999999985,0,0.0293200000000002,0,0,10,253.64181,0.48835,0.10064,0.18207,0.05869,0.13135,3e-04,0.01,74
98.66868,0,2.63322,129.77685,0,-0.0293199999999985,0,0.0293000000000001,0,0,10,253.64181,0.48835,0.10064,0.18207,0.05869,0.13135,3e-04,0.01,75
98.63936,0,2.66252,129.77685,0,-0.0292999999999921,0,0.0292999999999997,0,0,10,253.64181,0.48835,0.10064,0.18207,0.05869,0.13135,3e-04,0.01,76
98.61006,0,2.69182,129.77685,0,-0.0293000000000063,0,0.02928,0,0,10,253.64181,0.48835,0.10064,0.18207,0.05869,0.13135,3e-04,0.01,77
98.58076,0,2.7211,129.77685,0,-0.02928,0,0.02928,0,0,10,253.64181,0.48835,0.10064,0.18207,0.05869,0.13135,3e-04,0.01,78
98.55148,0,2.75038,129.77685,0,-0.02928,0,0.0292700000000004,0,0,10,253.64181,0.48835,0.10064,0.18207,0.05869,0.13135,3e-04,0.01,79
98.5222,0,2.77965,129.77685,0,-0.0292699999999968,0,0.0292599999999998,0,0,10,253.64181,0.48835,0.10064,0.18207,0.05869,0.13135,3e-04,0.01,80
98.49293,0,2.80891,129.77685,0,-0.0292600000000078,0,0.0292599999999998,0,0,10,253.64181,0.48835,0.10064,0.18207,0.05869,0.13135,3e-04,0.01,81
98.46367,0,2.83817,129.77685,0,-0.0292499999999905,0,0.0292400000000002,0,0,10,253.64181,0.48835,0.10064,0.18207,0.05869,0.13135,3e-04,0.01,82
98.43442,0,2.86741,129.77685,0,-0.0292500000000047,0,0.0292300000000001,0,0,10,253.64181,0.48835,0.10064,0.18207,0.05869,0.13135,3e-04,0.01,83
98.40517,0,2.89664,129.77685,0,-0.0292299999999983,0,0.0292300000000001,0,0,10,253.64181,0.48835,0.10064,0.18207,0.05869,0.13135,3e-04,0.01,84
98.37594,0,2.92587,129.77685,0,-0.0292299999999983,0,0.02922,0,0,10,253.64181,0.48835,0.10064,0.18207,0.05869,0.13135,3e-04,0.01,85
98.34671,0,2.95509,129.77685,0,-0.0292199999999951,0,0.02921,0,0,10,253.64181,0.48835,0.10064,0.18207,0.05869,0.13135,3e-04,0.01,86
98.31749,0,2.9843,129.77685,0,-0.0292100000000062,0,0.0291999999999999,0,0,10,253.64181,0.48835,0.10064,0.18207,0.05869,0.13135,3e-04,0.01,87
98.28828,0,3.0135,129.77685,0,-0.029200000000003,0,0.0291899999999998,0,0,10,253.64181,0.48835,0.10064,0.18207,0.05869,0.13135,3e-04,0.01,88
98.25908,0,3.04269,129.77685,0,-0.0291899999999998,0,0.0291800000000002,0,0,10,253.64181,0.48835,0.10064,0.18207,0.05869,0.13135,3e-04,0.01,89
98.22989,0,3.07187,129.77685,0,-0.0291799999999967,0,0.0291799999999998,0,0,10,253.64181,0.48835,0.10064,0.18207,0.05869,0.13135,3e-04,0.01,90
98.20071,0,3.10105,129.77685,0,-0.0291799999999967,0,0.0291600000000001,0,0,10,253.64181,0.48835,0.10064,0.18207,0.05869,0.13135,3e-04,0.01,91
98.17153,0,3.13021,129.77685,0,-0.0291600000000045,0,0.0291600000000001,0,0,10,253.64181,0.48835,0.10064,0.18207,0.05869,0.13135,3e-04,0.01,92
98.14237,0,3.15937,129.77685,0,-0.0291600000000045,0,0.02915,0,0,10,253.64181,0.48835,0.10064,0.18207,0.05869,0.13135,3e-04,0.01,93
98.11321,0,3.18852,129.77685,0,-0.0291500000000013,0,0.0291399999999999,0,0,10,253.64181,0.48835,0.10064,0.18207,0.05869,0.13135,3e-04,0.01,94
98.08406,0,3.21766,129.77685,0,-0.0291399999999982,0,0.0291299999999999,0,0,10,253.64181,0.48835,0.10064,0.18207,0.05869,0.13135,3e-04,0.01,95
98.05492,0,3.24679,129.77685,0,-0.029129999999995,0,0.0291200000000003,0,0,10,253.64181,0.48835,0.10064,0.18207,0.05869,0.13135,3e-04,0.01,96
98.02579,0,3.27591,129.77685,0,-0.029120000000006,0,0.0291099999999997,0,0,10,253.64181,0.48835,0.10064,0.18207,0.05869,0.13135,3e-04,0.01,97
97.99667,0,3.30502,129.77685,0,-0.0291099999999886,0,0.0291100000000002,0,0,10,253.64181,0.48835,0.10064,0.18207,0.05869,0.13135,3e-04,0.01,98
97.96756,0,3.33413,129.77685,0,-0.0291100000000029,0,0.0290900000000001,0,0,10,253.64181,0.48835,0.10064,0.18207,0.05869,0.13135,3e-04,0.01,99
97.93845,0,3.36322,129.77685,0,-0.0290899999999965,0,0.0290900000000001,0,0,10,253.64181,0.48835,0.10064,0.18207,0.05869,0.13135,3e-04,0.01,100
97.90936,0,3.39231,129.77685,0,-0.0290900000000107,0,0.02908,0,0,10,253.64181,0.48835,0.10064,0.18207,0.05869,0.13135,3e-04,0.01,101
97.88027,0,3.42139,129.77685,0,-0.0290799999999933,0,0.0290699999999999,0,0,10,253.64181,0.48835,0.10064,0.18207,0.05869,0.13135,3e-04,0.01,102
97.85119,0,3.45046,129.77685,0,-0.0290700000000044,0,0.0290599999999999,0,0,10,253.64181,0.48835,0.10064,0.18207,0.05869,0.13135,3e-04,0.01,103
97.82212,0,3.47952,129.77685,0,-0.0290600000000012,0,0.0290599999999999,0,0,10,253.64181,0.48835,0.10064,0.18207,0.05869,0.13135,3e-04,0.01,104
97.79306,0,3.50858,129.77685,0,-0.0290600000000012,0,0.0290400000000002,0,0,10,253.64181,0.48835,0.10064,0.18207,0.05869,0.13135,3e-04,0.01,105
97.764,0,3.53762,129.77685,0,-0.0290399999999948,0,0.0290400000000002,0,0,10,253.64181,0.48835,0.10064,0.18207,0.05869,0.13135,3e-04,0.01,106
97.73496,0,3.56666,129.77685,0,-0.0290399999999948,0,0.02902,0,0,10,253.64181,0.48835,0.10064,0.18207,0.05869,0.13135,3e-04,0.01,107
97.70592,0,3.59568,129.77685,0,-0.0290200000000027,0,0.0290199999999996,0,0,10,253.64181,0.48835,0.10064,0.18207,0.05869,0.13135,3e-04,0.01,108
97.6769,0,3.6247,129.77685,0,-0.0290200000000027,0,0.02901,0,0,10,253.64181,0.48835,0.10064,0.18207,0.05869,0.13135,3e-04,0.01,109
97.64788,0,3.65371,129.77685,0,-0.0290099999999995,0,0.0290000000000004,0,0,10,253.64181,0.48835,0.10064,0.18207,0.05869,0.13135,3e-04,0.01,110
97.61887,0,3.68271,129.77685,0,-0.0289999999999964,0,0.0289999999999999,0,0,10,253.64181,0.48835,0.10064,0.18207,0.05869,0.13135,3e-04,0.01,111
97.58987,0,3.71171,129.77685,0,-0.0290000000000106,0,0.0289799999999998,0,0,10,253.64181,0.48835,0.10064,0.18207,0.05869,0.13135,3e-04,0.01,112
97.56087,0,3.74069,129.77685,0,-0.02897999999999,0,0.0289800000000002,0,0,10,253.64181,0.48835,0.10064,0.18207,0.05869,0.13135,3e-04,0.01,113
97.53189,0,3.76967,129.77685,0,-0.0289800000000042,0,0.0289600000000001,0,0,10,253.64181,0.48835,0.10064,0.18207,0.05869,0.13135,3e-04,0.01,114
97.50291,0,3.79863,129.77685,0,-0.0289599999999979,0,0.0289599999999997,0,0,10,253.64181,0.48835,0.10064,0.18207,0.05869,0.13135,3e-04,0.01,115
97.47395,0,3.82759,129.77685,0,-0.0289599999999979,0,0.02895,0,0,10,253.64181,0.48835,0.10064,0.18207,0.05869,0.13135,3e-04,0.01,116
97.44499,0,3.85654,129.77685,0,-0.0289500000000089,0,0.02894,0,0,10,253.64181,0.48835,0.10064,0.18207,0.05869,0.13135,3e-04,0.01,117
97.41604,0,3.88548,129.77685,0,-0.0289399999999915,0,0.02894,0,0,10,253.64181,0.48835,0.10064,0.18207,0.05869,0.13135,3e-04,0.01,118
97.3871,0,3.91442,129.77685,0,-0.0289400000000057,0,0.0289200000000003,0,0,10,253.64181,0.48835,0.10064,0.18207,0.05869,0.13135,3e-04,0.01,119
97.35816,0,3.94334,129.77685,0,-0.0289199999999994,0,0.0289199999999998,0,0,10,253.64181,0.48835,0.10064,0.18207,0.05869,0.13135,3e-04,0.01,120
97.32924,0,3.97226,129.77685,0,-0.0289099999999962,0,0.0288999999999997,0,0,10,253.64181,0.48835,0.10064,0.18207,0.05869,0.13135,3e-04,0.01,121
97.30033,0,4.00116,129.77685,0,-0.0289099999999962,0,0.0289000000000001,0,0,10,253.64181,0.48835,0.10064,0.18207,0.05869,0.13135,3e-04,0.01,122
97.27142,0,4.03006,129.77685,0,-0.0289000000000073,0,0.0288900000000005,0,0,10,253.64181,0.48835,0.10064,0.18207,0.05869,0.13135,3e-04,0.01,123
97.24252,0,4.05895,129.77685,0,-0.0288900000000041,0,0.02888,0,0,10,253.64181,0.48835,0.10064,0.18207,0.05869,0.13135,3e-04,0.01,124
97.21363,0,4.08783,129.77685,0,-0.0288800000000009,0,0.0288699999999995,0,0,10,253.64181,0.48835,0.10064,0.18207,0.05869,0.13135,3e-04,0.01,125
97.18475,0,4.1167,129.77685,0,-0.0288699999999977,0,0.0288700000000004,0,0,10,253.64181,0.48835,0.10064,0.18207,0.05869,0.13135,3e-04,0.01,126
97.15588,0,4.14557,129.77685,0,-0.0288699999999977,0,0.0288499999999994,0,0,10,253.64181,0.48835,0.10064,0.18207,0.05869,0.13135,3e-04,0.01,127
97.12701,0,4.17442,129.77685,0,-0.0288500000000056,0,0.0288500000000003,0,0,10,253.64181,0.48835,0.10064,0.18207,0.05869,0.13135,3e-04,0.01,128
97.09816,0,4.20327,129.77685,0,-0.0288499999999914,0,0.0288399999999998,0,0,10,253.64181,0.48835,0.10064,0.18207,0.05869,0.13135,3e-04,0.01,129
97.06931,0,4.23211,129.77685,0,-0.0288400000000024,0,0.0288300000000001,0,0,10,253.64181,0.48835,0.10064,0.18207,0.05869,0.13135,3e-04,0.01,130
97.04047,0,4.26094,129.77685,0,-0.0288299999999992,0,0.0288200000000005,0,0,10,253.64181,0.48835,0.10064,0.18207,0.05869,0.13135,3e-04,0.01,131
97.01164,0,4.28976,129.77685,0,-0.0288199999999961,0,0.02881,0,0,10,253.64181,0.48835,0.10064,0.18207,0.05869,0.13135,3e-04,0.01,132
96.98282,0,4.31857,129.77685,0,-0.0288100000000071,0,0.0287999999999995,0,0,10,253.64181,0.48835,0.10064,0.18207,0.05869,0.13135,3e-04,0.01,133
96.95401,0,4.34737,129.77685,0,-0.0287999999999897,0,0.0288000000000004,0,0,10,253.64181,0.48835,0.10064,0.18207,0.05869,0.13135,3e-04,0.01,134
96.92521,0,4.37617,129.77685,0,-0.0288000000000039,0,0.0287899999999999,0,0,10,253.64181,0.48835,0.10064,0.18207,0.05869,0.13135,3e-04,0.01,135
96.89641,0,4.40496,129.77685,0,-0.0287900000000008,0,0.0287699999999997,0,0,10,253.64181,0.48835,0.10064,0.18207,0.05869,0.13135,3e-04,0.01,136
96.86762,0,4.43373,129.77685,0,-0.0287700000000086,0,0.0287700000000006,0,0,10,253.64181,0.48835,0.10064,0.18207,0.05869,0.13135,3e-04,0.01,137
96.83885,0,4.4625,129.77685,0,-0.0287699999999944,0,0.0287699999999997,0,0,10,253.64181,0.48835,0.10064,0.18207,0.05869,0.13135,3e-04,0.01,138
96.81008,0,4.49127,129.77685,0,-0.0287600000000054,0,0.0287499999999996,0,0,10,253.64181,0.48835,0.10064,0.18207,0.05869,0.13135,3e-04,0.01,139
96.78132,0,4.52002,129.77685,0,-0.0287599999999912,0,0.02874,0,0,10,253.64181,0.48835,0.10064,0.18207,0.05869,0.13135,3e-04,0.01,140
96.75256,0,4.54876,129.77685,0,-0.0287399999999991,0,0.02874,0,0,10,253.64181,0.48835,0.10064,0.18207,0.05869,0.13135,3e-04,0.01,141
96.72382,0,4.5775,129.77685,0,-0.0287399999999991,0,0.0287200000000007,0,0,10,253.64181,0.48835,0.10064,0.18207,0.05869,0.13135,3e-04,0.01,142
96.69508,0,4.60622,129.77685,0,-0.028720000000007,0,0.0287199999999999,0,0,10,253.64181,0.48835,0.10064,0.18207,0.05869,0.13135,3e-04,0.01,143
96.66636,0,4.63494,129.77685,0,-0.0287199999999928,0,0.0287099999999993,0,0,10,253.64181,0.48835,0.10064,0.18207,0.05869,0.13135,3e-04,0.01,144
96.63764,0,4.66365,129.77685,0,-0.0287100000000038,0,0.0287000000000006,0,0,10,253.64181,0.48835,0.10064,0.18207,0.05869,0.13135,3e-04,0.01,145
96.60893,0,4.69235,129.77685,0,-0.0287000000000006,0,0.0286999999999997,0,0,10,253.64181,0.48835,0.10064,0.18207,0.05869,0.13135,3e-04,0.01,146
96.58023,0,4.72105,129.77685,0,-0.0287000000000006,0,0.0286799999999996,0,0,10,253.64181,0.48835,0.10064,0.18207,0.05869,0.13135,3e-04,0.01,147
96.55153,0,4.74973,129.77685,0,-0.0286799999999943,0,0.0286800000000005,0,0,10,253.64181,0.48835,0.10064,0.18207,0.05869,0.13135,3e-04,0.01,148
96.52285,0,4.77841,129.77685,0,-0.0286800000000085,0,0.0286600000000004,0,0,10,253.64181,0.48835,0.10064,0.18207,0.05869,0.13135,3e-04,0.01,149
96.49417,0,4.80707,129.77685,0,-0.0286600000000021,0,0.0286599999999995,0,0,10,253.64181,0.48835,0.10064,0.18207,0.05869,0.13135,3e-04,0.01,150
96.46551,0,4.83573,129.77685,0,-0.0286599999999879,0,0.0286499999999998,0,0,10,253.64181,0.48835,0.10064,0.18207,0.05869,0.13135,3e-04,0.01,151
96.43685,0,4.86438,129.77685,0,-0.0286500000000132,0,0.0286500000000007,0,0,10,253.64181,0.48835,0.10064,0.18207,0.05869,0.13135,3e-04,0.01,152
96.4082,0,4.89303,129.77685,0,-0.0286399999999958,0,0.0286299999999997,0,0,10,253.64181,0.48835,0.10064,0.18207,0.05869,0.13135,3e-04,0.01,153
96.37956,0,4.92166,129.77685,0,-0.0286399999999958,0,0.0286200000000001,0,0,10,253.64181,0.48835,0.10064,0.18207,0.05869,0.13135,3e-04,0.01,154
96.35092,0,4.95028,129.77685,0,-0.0286200000000036,0,0.0286200000000001,0,0,10,253.64181,0.48835,0.10064,0.18207,0.05869,0.13135,3e-04,0.01,155
96.3223,0,4.9789,129.77685,0,-0.0286200000000036,0,0.0286099999999996,0,0,10,253.64181,0.48835,0.10064,0.18207,0.05869,0.13135,3e-04,0.01,156
96.29368,0,5.00751,129.77685,0,-0.0286100000000005,0,0.0286,0,0,10,253.64181,0.48835,0.10064,0.18207,0.05869,0.13135,3e-04,0.01,157
96.26507,0,5.03611,129.77685,0,-0.0285999999999973,0,0.0285900000000003,0,0,10,253.64181,0.48835,0.10064,0.18207,0.05869,0.13135,3e-04,0.01,158
96.23647,0,5.0647,129.77685,0,-0.0285899999999941,0,0.0285799999999998,0,0,10,253.64181,0.48835,0.10064,0.18207,0.05869,0.13135,3e-04,0.01,159
96.20788,0,5.09328,129.77685,0,-0.0285800000000052,0,0.0285700000000002,0,0,10,253.64181,0.48835,0.10064,0.18207,0.05869,0.13135,3e-04,0.01,160
96.1793,0,5.12185,129.77685,0,-0.028570000000002,0,0.0285700000000002,0,0,10,253.64181,0.48835,0.10064,0.18207,0.05869,0.13135,3e-04,0.01,161
96.15073,0,5.15042,129.77685,0,-0.028570000000002,0,0.0285499999999992,0,0,10,253.64181,0.48835,0.10064,0.18207,0.05869,0.13135,3e-04,0.01,162
96.12216,0,5.17897,129.77685,0,-0.0285499999999956,0,0.0285500000000001,0,0,10,253.64181,0.48835,0.10064,0.18207,0.05869,0.13135,3e-04,0.01,163
96.09361,0,5.20752,129.77685,0,-0.0285499999999956,0,0.0285400000000005,0,0,10,253.64181,0.48835,0.10064,0.18207,0.05869,0.13135,3e-04,0.01,164
96.06506,0,5.23606,129.77685,0,-0.0285400000000067,0,0.0285299999999999,0,0,10,253.64181,0.48835,0.10064,0.18207,0.05869,0.13135,3e-04,0.01,165
96.03652,0,5.26459,129.77685,0,-0.0285299999999893,0,0.0285299999999999,0,0,10,253.64181,0.48835,0.10064,0.18207,0.05869,0.13135,3e-04,0.01,166
96.00799,0,5.29312,129.77685,0,-0.0285300000000035,0,0.0285099999999998,0,0,10,253.64181,0.48835,0.10064,0.18207,0.05869,0.13135,3e-04,0.01,167
95.97946,0,5.32163,129.77685,0,-0.0285099999999971,0,0.0285099999999998,0,0,10,253.64181,0.48835,0.10064,0.18207,0.05869,0.13135,3e-04,0.01,168
95.95095,0,5.35014,129.77685,0,-0.0285100000000114,0,0.0284900000000006,0,0,10,253.64181,0.48835,0.10064,0.18207,0.05869,0.13135,3e-04,0.01,169
95.92244,0,5.37863,129.77685,0,-0.0284899999999908,0,0.0284899999999997,0,0,10,253.64181,0.48835,0.10064,0.18207,0.05869,0.13135,3e-04,0.01,170
95.89395,0,5.40712,129.77685,0,-0.028490000000005,0,0.0284800000000001,0,0,10,253.64181,0.48835,0.10064,0.18207,0.05869,0.13135,3e-04,0.01,171
95.86546,0,5.4356,129.77685,0,-0.0284800000000018,0,0.0284800000000001,0,0,10,253.64181,0.48835,0.10064,0.18207,0.05869,0.13135,3e-04,0.01,172
95.83698,0,5.46408,129.77685,0,-0.0284800000000018,0,0.0284599999999999,0,0,10,253.64181,0.48835,0.10064,0.18207,0.05869,0.13135,3e-04,0.01,173
95.8085,0,5.49254,129.77685,0,-0.0284599999999955,0,0.0284599999999999,0,0,10,253.64181,0.48835,0.10064,0.18207,0.05869,0.13135,3e-04,0.01,174
95.78004,0,5.521,129.77685,0,-0.0284500000000065,0,0.0284399999999998,0,0,10,253.64181,0.48835,0.10064,0.18207,0.05869,0.13135,3e-04,0.01,175
95.75159,0,5.54944,129.77685,0,-0.0284499999999923,0,0.0284400000000007,0,0,10,253.64181,0.48835,0.10064,0.18207,0.05869,0.13135,3e-04,0.01,176
95.72314,0,5.57788,129.77685,0,-0.0284400000000034,0,0.0284299999999993,0,0,10,253.64181,0.48835,0.10064,0.18207,0.05869,0.13135,3e-04,0.01,177
95.6947,0,5.60631,129.77685,0,-0.0284300000000002,0,0.0284200000000006,0,0,10,253.64181,0.48835,0.10064,0.18207,0.05869,0.13135,3e-04,0.01,178
95.66627,0,5.63473,129.77685,0,-0.028419999999997,0,0.02841,0,0,10,253.64181,0.48835,0.10064,0.18207,0.05869,0.13135,3e-04,0.01,179
95.63785,0,5.66314,129.77685,0,-0.0284099999999938,0,0.02841,0,0,10,253.64181,0.48835,0.10064,0.18207,0.05869,0.13135,3e-04,0.01,180
95.60944,0,5.69155,129.77685,0,-0.028410000000008,0,0.0283899999999999,0,0,10,253.64181,0.48835,0.10064,0.18207,0.05869,0.13135,3e-04,0.01,181
95.58103,0,5.71994,129.77685,0,-0.0283900000000017,0,0.0283899999999999,0,0,10,253.64181,0.48835,0.10064,0.18207,0.05869,0.13135,3e-04,0.01,182
95.55264,0,5.74833,129.77685,0,-0.0283900000000017,0,0.0283799999999994,0,0,10,253.64181,0.48835,0.10064,0.18207,0.05869,0.13135,3e-04,0.01,183
95.52425,0,5.77671,129.77685,0,-0.0283799999999985,0,0.0283700000000007,0,0,10,253.64181,0.48835,0.10064,0.18207,0.05869,0.13135,3e-04,0.01,184
95.49587,0,5.80508,129.77685,0,-0.0283699999999953,0,0.0283600000000002,0,0,10,253.64181,0.48835,0.10064,0.18207,0.05869,0.13135,3e-04,0.01,185
95.4675,0,5.83344,129.77685,0,-0.0283600000000064,0,0.0283599999999993,0,0,10,253.64181,0.48835,0.10064,0.18207,0.05869,0.13135,3e-04,0.01,186
95.43914,0,5.8618,129.77685,0,-0.0283599999999922,0,0.02834,0,0,10,253.64181,0.48835,0.10064,0.18207,0.05869,0.13135,3e-04,0.01,187
95.41078,0,5.89014,129.77685,0,-0.02834,0,0.02834,0,0,10,253.64181,0.48835,0.10064,0.18207,0.05869,0.13135,3e-04,0.01,188
95.38244,0,5.91848,129.77685,0,-0.02834,0,0.0283300000000004,0,0,10,253.64181,0.48835,0.10064,0.18207,0.05869,0.13135,3e-04,0.01,189
95.3541,0,5.94681,129.77685,0,-0.0283299999999969,0,0.0283199999999999,0,0,10,253.64181,0.48835,0.10064,0.18207,0.05869,0.13135,3e-04,0.01,190
95.32577,0,5.97513,129.77685,0,-0.0283200000000079,0,0.0283100000000003,0,0,10,253.64181,0.48835,0.10064,0.18207,0.05869,0.13135,3e-04,0.01,191
95.29745,0,6.00344,129.77685,0,-0.0283100000000047,0,0.0282999999999998,0,0,10,253.64181,0.48835,0.10064,0.18207,0.05869,0.13135,3e-04,0.01,192
95.26914,0,6.03174,129.77685,0,-0.0282999999999873,0,0.0282999999999998,0,0,10,253.64181,0.48835,0.10064,0.18207,0.05869,0.13135,3e-04,0.01,193
95.24084,0,6.06004,129.77685,0,-0.0283000000000015,0,0.0282900000000001,0,0,10,253.64181,0.48835,0.10064,0.18207,0.05869,0.13135,3e-04,0.01,194
95.21254,0,6.08833,129.77685,0,-0.0282800000000094,0,0.02827,0,0,10,253.64181,0.48835,0.10064,0.18207,0.05869,0.13135,3e-04,0.01,195
95.18426,0,6.1166,129.77685,0,-0.0282799999999952,0,0.02827,0,0,10,253.64181,0.48835,0.10064,0.18207,0.05869,0.13135,3e-04,0.01,196
95.15598,0,6.14487,129.77685,0,-0.0282700000000062,0,0.0282599999999995,0,0,10,253.64181,0.48835,0.10064,0.18207,0.05869,0.13135,3e-04,0.01,197
95.12771,0,6.17313,129.77685,0,-0.0282599999999888,0,0.0282600000000004,0,0,10,253.64181,0.48835,0.10064,0.18207,0.05869,0.13135,3e-04,0.01,198
95.09945,0,6.20139,129.77685,0,-0.0282600000000031,0,0.0282400000000003,0,0,10,253.64181,0.48835,0.10064,0.18207,0.05869,0.13135,3e-04,0.01,199
95.07119,0,6.22963,129.77685,0,-0.0282399999999967,0,0.0282399999999994,0,0,10,253.64181,0.48835,0.10064,0.18207,0.05869,0.13135,3e-04,0.01,200
95.04295,0,6.25787,129.77685,0,-0.0282400000000109,0,0.0282300000000006,0,0,10,253.64181,0.48835,0.10064,0.18207,0.05869,0.13135,3e-04,0.01,201
95.01471,0,6.2861,129.77685,0,-0.0282199999999904,0,0.0282200000000001,0,0,10,253.64181,0.48835,0.10064,0.18207,0.05869,0.13135,3e-04,0.01,202
94.98649,0,6.31432,129.77685,0,-0.0282200000000046,0,0.0282099999999996,0,0,10,253.64181,0.48835,0.10064,0.18207,0.05869,0.13135,3e-04,0.01,203
94.95827,0,6.34253,129.77685,0,-0.0282200000000046,0,0.0282,0,0,10,253.64181,0.48835,0.10064,0.18207,0.05869,0.13135,3e-04,0.01,204
94.93005,0,6.37073,129.77685,0,-0.0281999999999982,0,0.0281900000000004,0,0,10,253.64181,0.48835,0.10064,0.18207,0.05869,0.13135,3e-04,0.01,205
94.90185,0,6.39892,129.77685,0,-0.0281899999999951,0,0.0281899999999995,0,0,10,253.64181,0.48835,0.10064,0.18207,0.05869,0.13135,3e-04,0.01,206
94.87366,0,6.42711,129.77685,0,-0.0281899999999951,0,0.0281799999999999,0,0,10,253.64181,0.48835,0.10064,0.18207,0.05869,0.13135,3e-04,0.01,207
94.84547,0,6.45529,129.77685,0,-0.0281800000000061,0,0.0281700000000003,0,0,10,253.64181,0.48835,0.10064,0.18207,0.05869,0.13135,3e-04,0.01,208
94.81729,0,6.48346,129.77685,0,-0.0281599999999997,0,0.0281599999999997,0,0,10,253.64181,0.48835,0.10064,0.18207,0.05869,0.13135,3e-04,0.01,209
94.78913,0,6.51162,129.77685,0,-0.0281700000000029,0,0.0281500000000001,0,0,10,253.64181,0.48835,0.10064,0.18207,0.05869,0.13135,3e-04,0.01,210
94.76096,0,6.53977,129.77685,0,-0.0281499999999966,0,0.0281400000000005,0,0,10,253.64181,0.48835,0.10064,0.18207,0.05869,0.13135,3e-04,0.01,211
94.73281,0,6.56791,129.77685,0,-0.0281400000000076,0,0.0281399999999996,0,0,10,253.64181,0.48835,0.10064,0.18207,0.05869,0.13135,3e-04,0.01,212
94.70467,0,6.59605,129.77685,0,-0.0281399999999934,0,0.02813,0,0,10,253.64181,0.48835,0.10064,0.18207,0.05869,0.13135,3e-04,0.01,213
94.67653,0,6.62418,129.77685,0,-0.0281200000000013,0,0.0281099999999999,0,0,10,253.64181,0.48835,0.10064,0.18207,0.05869,0.13135,3e-04,0.01,214
94.64841,0,6.65229,129.77685,0,-0.0281200000000013,0,0.0281099999999999,0,0,10,253.64181,0.48835,0.10064,0.18207,0.05869,0.13135,3e-04,0.01,215
94.62029,0,6.6804,129.77685,0,-0.0281099999999981,0,0.0281100000000007,0,0,10,253.64181,0.48835,0.10064,0.18207,0.05869,0.13135,3e-04,0.01,216
94.59218,0,6.70851,129.77685,0,-0.0281099999999981,0,0.0280899999999997,0,0,10,253.64181,0.48835,0.10064,0.18207,0.05869,0.13135,3e-04,0.01,217
94.56407,0,6.7366,129.77685,0,-0.0280900000000059,0,0.0280899999999997,0,0,10,253.64181,0.48835,0.10064,0.18207,0.05869,0.13135,3e-04,0.01,218
94.53598,0,6.76469,129.77685,0,-0.0280899999999917,0,0.0280700000000005,0,0,10,253.64181,0.48835,0.10064,0.18207,0.05869,0.13135,3e-04,0.01,219
94.50789,0,6.79276,129.77685,0,-0.0280699999999996,0,0.0280699999999996,0,0,10,253.64181,0.48835,0.10064,0.18207,0.05869,0.13135,3e-04,0.01,220
94.47982,0,6.82083,129.77685,0,-0.0280699999999996,0,0.02806,0,0,10,253.64181,0.48835,0.10064,0.18207,0.05869,0.13135,3e-04,0.01,221
94.45175,0,6.84889,129.77685,0,-0.0280600000000106,0,0.02806,0,0,10,253.64181,0.48835,0.10064,0.18207,0.05869,0.13135,3e-04,0.01,222
94.42369,0,6.87695,129.77685,0,-0.0280499999999932,0,0.0280399999999998,0,0,10,253.64181,0.48835,0.10064,0.18207,0.05869,0.13135,3e-04,0.01,223
94.39564,0,6.90499,129.77685,0,-0.0280499999999932,0,0.0280300000000002,0,0,10,253.64181,0.48835,0.10064,0.18207,0.05869,0.13135,3e-04,0.01,224
94.36759,0,6.93302,129.77685,0,-0.0280300000000011,0,0.0280300000000002,0,0,10,253.64181,0.48835,0.10064,0.18207,0.05869,0.13135,3e-04,0.01,225
94.33956,0,6.96105,129.77685,0,-0.0280300000000011,0,0.0280199999999997,0,0,10,253.64181,0.48835,0.10064,0.18207,0.05869,0.13135,3e-04,0.01,226
94.31153,0,6.98907,129.77685,0,-0.0280199999999979,0,0.0280100000000001,0,0,10,253.64181,0.48835,0.10064,0.18207,0.05869,0.13135,3e-04,0.01,227
94.28351,0,7.01708,129.77685,0,-0.028010000000009,0,0.0279999999999996,0,0,10,253.64181,0.48835,0.10064,0.18207,0.05869,0.13135,3e-04,0.01,228
94.2555,0,7.04508,129.77685,0,-0.0279999999999916,0,0.0280000000000005,0,0,10,253.64181,0.48835,0.10064,0.18207,0.05869,0.13135,3e-04,0.01,229
94.2275,0,7.07308,129.77685,0,-0.0280000000000058,0,0.0279800000000003,0,0,10,253.64181,0.48835,0.10064,0.18207,0.05869,0.13135,3e-04,0.01,230
94.1995,0,7.10106,129.77685,0,-0.0279799999999994,0,0.0279799999999994,0,0,10,253.64181,0.48835,0.10064,0.18207,0.05869,0.13135,3e-04,0.01,231
94.17152,0,7.12904,129.77685,0,-0.0279799999999994,0,0.0279699999999998,0,0,10,253.64181,0.48835,0.10064,0.18207,0.05869,0.13135,3e-04,0.01,232
94.14354,0,7.15701,129.77685,0,-0.0279699999999963,0,0.0279600000000002,0,0,10,253.64181,0.48835,0.10064,0.18207,0.05869,0.13135,3e-04,0.01,233
94.11557,0,7.18497,129.77685,0,-0.0279600000000073,0,0.0279500000000006,0,0,10,253.64181,0.48835,0.10064,0.18207,0.05869,0.13135,3e-04,0.01,234
94.08761,0,7.21292,129.77685,0,-0.0279500000000041,0,0.0279499999999997,0,0,10,253.64181,0.48835,0.10064,0.18207,0.05869,0.13135,3e-04,0.01,235
94.05966,0,7.24087,129.77685,0,-0.0279399999999868,0,0.0279299999999996,0,0,10,253.64181,0.48835,0.10064,0.18207,0.05869,0.13135,3e-04,0.01,236
94.03172,0,7.2688,129.77685,0,-0.027940000000001,0,0.0279300000000005,0,0,10,253.64181,0.48835,0.10064,0.18207,0.05869,0.13135,3e-04,0.01,237
94.00378,0,7.29673,129.77685,0,-0.027930000000012,0,0.0279199999999999,0,0,10,253.64181,0.48835,0.10064,0.18207,0.05869,0.13135,3e-04,0.01,238
93.97585,0,7.32465,129.77685,0,-0.0279199999999946,0,0.0279100000000003,0,0,10,253.64181,0.48835,0.10064,0.18207,0.05869,0.13135,3e-04,0.01,239
93.94793,0,7.35256,129.77685,0,-0.0279100000000057,0,0.0278999999999998,0,0,10,253.64181,0.48835,0.10064,0.18207,0.05869,0.13135,3e-04,0.01,240
93.92002,0,7.38046,129.77685,0,-0.0278999999999883,0,0.0278999999999998,0,0,10,253.64181,0.48835,0.10064,0.18207,0.05869,0.13135,3e-04,0.01,241
93.89212,0,7.40836,129.77685,0,-0.0278899999999993,0,0.0278799999999997,0,0,10,253.64181,0.48835,0.10064,0.18207,0.05869,0.13135,3e-04,0.01,242
93.86423,0,7.43624,129.77685,0,-0.0278899999999993,0,0.0278800000000006,0,0,10,253.64181,0.48835,0.10064,0.18207,0.05869,0.13135,3e-04,0.01,243
93.83634,0,7.46412,129.77685,0,-0.0278800000000103,0,0.0278700000000001,0,0,10,253.64181,0.48835,0.10064,0.18207,0.05869,0.13135,3e-04,0.01,244
93.80846,0,7.49199,129.77685,0,-0.027869999999993,0,0.0278599999999996,0,0,10,253.64181,0.48835,0.10064,0.18207,0.05869,0.13135,3e-04,0.01,245
93.78059,0,7.51985,129.77685,0,-0.027860000000004,0,0.0278499999999999,0,0,10,253.64181,0.48835,0.10064,0.18207,0.05869,0.13135,3e-04,0.01,246
93.75273,0,7.5477,129.77685,0,-0.0278500000000008,0,0.0278499999999999,0,0,10,253.64181,0.48835,0.10064,0.18207,0.05869,0.13135,3e-04,0.01,247
93.72488,0,7.57555,129.77685,0,-0.0278500000000008,0,0.0278299999999998,0,0,10,253.64181,0.48835,0.10064,0.18207,0.05869,0.13135,3e-04,0.01,248
93.69703,0,7.60338,129.77685,0,-0.0278299999999945,0,0.0278300000000007,0,0,10,253.64181,0.48835,0.10064,0.18207,0.05869,0.13135,3e-04,0.01,249
93.6692,0,7.63121,129.77685,0,-0.0278300000000087,0,0.0278199999999993,0,0,10,253.64181,0.48835,0.10064,0.18207,0.05869,0.13135,3e-04,0.01,250
93.64137,0,7.65903,129.77685,0,-0.0278199999999913,0,0.0278100000000006,0,0,10,253.64181,0.48835,0.10064,0.18207,0.05869,0.13135,3e-04,0.01,251
93.61355,0,7.68684,129.77685,0,-0.0278100000000023,0,0.0278099999999997,0,0,10,253.64181,0.48835,0.10064,0.18207,0.05869,0.13135,3e-04,0.01,252
93.58574,0,7.71465,129.77685,0,-0.0277999999999992,0,0.0277900000000004,0,0,10,253.64181,0.48835,0.10064,0.18207,0.05869,0.13135,3e-04,0.01,253
93.55794,0,7.74244,129.77685,0,-0.0277999999999992,0,0.0277899999999995,0,0,10,253.64181,0.48835,0.10064,0.18207,0.05869,0.13135,3e-04,0.01,254
93.53014,0,7.77023,129.77685,0,-0.027789999999996,0,0.0277799999999999,0,0,10,253.64181,0.48835,0.10064,0.18207,0.05869,0.13135,3e-04,0.01,255
93.50235,0,7.79801,129.77685,0,-0.0277700000000038,0,0.0277700000000003,0,0,10,253.64181,0.48835,0.10064,0.18207,0.05869,0.13135,3e-04,0.01,256
93.47458,0,7.82578,129.77685,0,-0.027780000000007,0,0.0277599999999998,0,0,10,253.64181,0.48835,0.10064,0.18207,0.05869,0.13135,3e-04,0.01,257
93.4468,0,7.85354,129.77685,0,-0.0277600000000007,0,0.0277500000000002,0,0,10,253.64181,0.48835,0.10064,0.18207,0.05869,0.13135,3e-04,0.01,258
93.41904,0,7.88129,129.77685,0,-0.0277499999999975,0,0.0277500000000002,0,0,10,253.64181,0.48835,0.10064,0.18207,0.05869,0.13135,3e-04,0.01,259
93.39129,0,7.90904,129.77685,0,-0.0277499999999975,0,0.02773,0,0,10,253.64181,0.48835,0.10064,0.18207,0.05869,0.13135,3e-04,0.01,260
93.36354,0,7.93677,129.77685,0,-0.0277300000000054,0,0.02773,0,0,10,253.64181,0.48835,0.10064,0.18207,0.05869,0.13135,3e-04,0.01,261
93.33581,0,7.9645,129.77685,0,-0.0277299999999912,0,0.0277199999999995,0,0,10,253.64181,0.48835,0.10064,0.18207,0.05869,0.13135,3e-04,0.01,262
93.30808,0,7.99222,129.77685,0,-0.0277200000000022,0,0.0277200000000004,0,0,10,253.64181,0.48835,0.10064,0.18207,0.05869,0.13135,3e-04,0.01,263
93.28036,0,8.01994,129.77685,0,-0.0277200000000022,0,0.0276999999999994,0,0,10,253.64181,0.48835,0.10064,0.18207,0.05869,0.13135,3e-04,0.01,264
93.25264,0,8.04764,129.77685,0,-0.0276999999999958,0,0.0277000000000012,0,0,10,253.64181,0.48835,0.10064,0.18207,0.05869,0.13135,3e-04,0.01,265
93.22494,0,8.07534,129.77685,0,-0.02770000000001,0,0.0276800000000001,0,0,10,253.64181,0.48835,0.10064,0.18207,0.05869,0.13135,3e-04,0.01,266
93.19724,0,8.10302,129.77685,0,-0.0276799999999895,0,0.0276799999999984,0,0,10,253.64181,0.48835,0.10064,0.18207,0.05869,0.13135,3e-04,0.01,267
93.16956,0,8.1307,129.77685,0,-0.0276800000000037,0,0.0276800000000001,0,0,10,253.64181,0.48835,0.10064,0.18207,0.05869,0.13135,3e-04,0.01,268
93.14188,0,8.15838,129.77685,0,-0.0276700000000005,0,0.0276600000000009,0,0,10,253.64181,0.48835,0.10064,0.18207,0.05869,0.13135,3e-04,0.01,269
93.11421,0,8.18604,129.77685,0,-0.0276700000000005,0,0.0276499999999995,0,0,10,253.64181,0.48835,0.10064,0.18207,0.05869,0.13135,3e-04,0.01,270
93.08654,0,8.21369,129.77685,0,-0.0276499999999942,0,0.0276499999999995,0,0,10,253.64181,0.48835,0.10064,0.18207,0.05869,0.13135,3e-04,0.01,271
93.05889,0,8.24134,129.77685,0,-0.0276500000000084,0,0.0276400000000017,0,0,10,253.64181,0.48835,0.10064,0.18207,0.05869,0.13135,3e-04,0.01,272
93.03124,0,8.26898,129.77685,0,-0.027639999999991,0,0.0276299999999985,0,0,10,253.64181,0.48835,0.10064,0.18207,0.05869,0.13135,3e-04,0.01,273
93.0036,0,8.29661,129.77685,0,-0.027630000000002,0,0.0276200000000006,0,0,10,253.64181,0.48835,0.10064,0.18207,0.05869,0.13135,3e-04,0.01,274
92.97597,0,8.32423,129.77685,0,-0.0276199999999989,0,0.0276099999999992,0,0,10,253.64181,0.48835,0.10064,0.18207,0.05869,0.13135,3e-04,0.01,275
92.94835,0,8.35184,129.77685,0,-0.0276100000000099,0,0.027610000000001,0,0,10,253.64181,0.48835,0.10064,0.18207,0.05869,0.13135,3e-04,0.01,276
92.92074,0,8.37945,129.77685,0,-0.0276099999999957,0,0.0275999999999996,0,0,10,253.64181,0.48835,0.10064,0.18207,0.05869,0.13135,3e-04,0.01,277
92.89313,0,8.40705,129.77685,0,-0.0275999999999925,0,0.02759,0,0,10,253.64181,0.48835,0.10064,0.18207,0.05869,0.13135,3e-04,0.01,278
92.86553,0,8.43464,129.77685,0,-0.0275900000000036,0,0.0275800000000004,0,0,10,253.64181,0.48835,0.10064,0.18207,0.05869,0.13135,3e-04,0.01,279
92.83794,0,8.46222,129.77685,0,-0.0275800000000004,0,0.027569999999999,0,0,10,253.64181,0.48835,0.10064,0.18207,0.05869,0.13135,3e-04,0.01,280
92.81036,0,8.48979,129.77685,0,-0.0275699999999972,0,0.0275700000000008,0,0,10,253.64181,0.48835,0.10064,0.18207,0.05869,0.13135,3e-04,0.01,281
92.78279,0,8.51736,129.77685,0,-0.0275600000000082,0,0.0275499999999997,0,0,10,253.64181,0.48835,0.10064,0.18207,0.05869,0.13135,3e-04,0.01,282
92.75523,0,8.54491,129.77685,0,-0.027559999999994,0,0.0275499999999997,0,0,10,253.64181,0.48835,0.10064,0.18207,0.05869,0.13135,3e-04,0.01,283
92.72767,0,8.57246,129.77685,0,-0.0275500000000051,0,0.0275400000000001,0,0,10,253.64181,0.48835,0.10064,0.18207,0.05869,0.13135,3e-04,0.01,284
92.70012,0,8.6,129.77685,0,-0.0275400000000019,0,0.0275300000000005,0,0,10,253.64181,0.48835,0.10064,0.18207,0.05869,0.13135,3e-04,0.01,285
92.67258,0,8.62753,129.77685,0,-0.0275299999999987,0,0.0275300000000005,0,0,10,253.64181,0.48835,0.10064,0.18207,0.05869,0.13135,3e-04,0.01,286
92.64505,0,8.65506,129.77685,0,-0.0275299999999987,0,0.0275099999999995,0,0,10,253.64181,0.48835,0.10064,0.18207,0.05869,0.13135,3e-04,0.01,287
92.61752,0,8.68257,129.77685,0,-0.0275099999999924,0,0.0275099999999995,0,0,10,253.64181,0.48835,0.10064,0.18207,0.05869,0.13135,3e-04,0.01,288
92.59001,0,8.71008,129.77685,0,-0.0275100000000066,0,0.0274999999999999,0,0,10,253.64181,0.48835,0.10064,0.18207,0.05869,0.13135,3e-04,0.01,289
92.5625,0,8.73758,129.77685,0,-0.0275000000000034,0,0.0274900000000002,0,0,10,253.64181,0.48835,0.10064,0.18207,0.05869,0.13135,3e-04,0.01,290
92.535,0,8.76507,129.77685,0,-0.0274900000000002,0,0.0274800000000006,0,0,10,253.64181,0.48835,0.10064,0.18207,0.05869,0.13135,3e-04,0.01,291
92.50751,0,8.79255,129.77685,0,-0.0274799999999971,0,0.0274799999999988,0,0,10,253.64181,0.48835,0.10064,0.18207,0.05869,0.13135,3e-04,0.01,292
92.48003,0,8.82003,129.77685,0,-0.0274799999999971,0,0.0274600000000014,0,0,10,253.64181,0.48835,0.10064,0.18207,0.05869,0.13135,3e-04,0.01,293
92.45255,0,8.84749,129.77685,0,-0.0274600000000049,0,0.0274599999999996,0,0,10,253.64181,0.48835,0.10064,0.18207,0.05869,0.13135,3e-04,0.01,294
92.42509,0,8.87495,129.77685,0,-0.0274599999999907,0,0.02745,0,0,10,253.64181,0.48835,0.10064,0.18207,0.05869,0.13135,3e-04,0.01,295
92.39763,0,8.9024,129.77685,0,-0.0274500000000018,0,0.0274400000000004,0,0,10,253.64181,0.48835,0.10064,0.18207,0.05869,0.13135,3e-04,0.01,296
92.37018,0,8.92984,129.77685,0,-0.0274399999999986,0,0.0274400000000004,0,0,10,253.64181,0.48835,0.10064,0.18207,0.05869,0.13135,3e-04,0.01,297
92.34274,0,8.95728,129.77685,0,-0.0274400000000128,0,0.0274199999999993,0,0,10,253.64181,0.48835,0.10064,0.18207,0.05869,0.13135,3e-04,0.01,298
92.3153,0,8.9847,129.77685,0,-0.0274199999999922,0,0.0274199999999993,0,0,10,253.64181,0.48835,0.10064,0.18207,0.05869,0.13135,3e-04,0.01,299
92.28788,0,9.01212,129.77685,0,-0.0274200000000064,0,0.0274099999999997,0,0,10,253.64181,0.48835,0.10064,0.18207,0.05869,0.13135,3e-04,0.01,300
92.26046,0,9.03953,129.77685,0,-0.0274099999999891,0,0.0274000000000001,0,0,10,253.64181,0.48835,0.10064,0.18207,0.05869,0.13135,3e-04,0.01,301
92.23305,0,9.06693,129.77685,0,-0.0274000000000001,0,0.0274000000000001,0,0,10,253.64181,0.48835,0.10064,0.18207,0.05869,0.13135,3e-04,0.01,302
92.20565,0,9.09433,129.77685,0,-0.0273900000000111,0,0.0273800000000008,0,0,10,253.64181,0.48835,0.10064,0.18207,0.05869,0.13135,3e-04,0.01,303
92.17826,0,9.12171,129.77685,0,-0.0273899999999969,0,0.0273799999999991,0,0,10,253.64181,0.48835,0.10064,0.18207,0.05869,0.13135,3e-04,0.01,304
92.15087,0,9.14909,129.77685,0,-0.0273799999999937,0,0.0273700000000012,0,0,10,253.64181,0.48835,0.10064,0.18207,0.05869,0.13135,3e-04,0.01,305
92.12349,0,9.17646,129.77685,0,-0.0273700000000048,0,0.0273599999999998,0,0,10,253.64181,0.48835,0.10064,0.18207,0.05869,0.13135,3e-04,0.01,306
92.09612,0,9.20382,129.77685,0,-0.0273600000000016,0,0.0273500000000002,0,0,10,253.64181,0.48835,0.10064,0.18207,0.05869,0.13135,3e-04,0.01,307
92.06876,0,9.23117,129.77685,0,-0.0273499999999984,0,0.0273399999999988,0,0,10,253.64181,0.48835,0.10064,0.18207,0.05869,0.13135,3e-04,0.01,308
92.04141,0,9.25851,129.77685,0,-0.0273399999999953,0,0.0273400000000006,0,0,10,253.64181,0.48835,0.10064,0.18207,0.05869,0.13135,3e-04,0.01,309
92.01407,0,9.28585,129.77685,0,-0.0273400000000095,0,0.0273299999999992,0,0,10,253.64181,0.48835,0.10064,0.18207,0.05869,0.13135,3e-04,0.01,310
91.98673,0,9.31318,129.77685,0,-0.0273299999999921,0,0.0273200000000013,0,0,10,253.64181,0.48835,0.10064,0.18207,0.05869,0.13135,3e-04,0.01,311
91.9594,0,9.3405,129.77685,0,-0.0273200000000031,0,0.0273099999999999,0,0,10,253.64181,0.48835,0.10064,0.18207,0.05869,0.13135,3e-04,0.01,312
91.93208,0,9.36781,129.77685,0,-0.0273099999999999,0,0.0273000000000003,0,0,10,253.64181,0.48835,0.10064,0.18207,0.05869,0.13135,3e-04,0.01,313
91.90477,0,9.39511,129.77685,0,-0.0272999999999968,0,0.0272999999999985,0,0,10,253.64181,0.48835,0.10064,0.18207,0.05869,0.13135,3e-04,0.01,314
91.87747,0,9.42241,129.77685,0,-0.0272999999999968,0,0.0272900000000007,0,0,10,253.64181,0.48835,0.10064,0.18207,0.05869,0.13135,3e-04,0.01,315
91.85017,0,9.4497,129.77685,0,-0.0272900000000078,0,0.0272799999999993,0,0,10,253.64181,0.48835,0.10064,0.18207,0.05869,0.13135,3e-04,0.01,316
91.82288,0,9.47698,129.77685,0,-0.0272800000000046,0,0.0272700000000015,0,0,10,253.64181,0.48835,0.10064,0.18207,0.05869,0.13135,3e-04,0.01,317
91.7956,0,9.50425,129.77685,0,-0.0272699999999872,0,0.0272600000000001,0,0,10,253.64181,0.48835,0.10064,0.18207,0.05869,0.13135,3e-04,0.01,318
91.76833,0,9.53151,129.77685,0,-0.0272600000000125,0,0.0272600000000001,0,0,10,253.64181,0.48835,0.10064,0.18207,0.05869,0.13135,3e-04,0.01,319
91.74107,0,9.55877,129.77685,0,-0.0272599999999983,0,0.027239999999999,0,0,10,253.64181,0.48835,0.10064,0.18207,0.05869,0.13135,3e-04,0.01,320
91.71381,0,9.58601,129.77685,0,-0.0272399999999919,0,0.0272400000000008,0,0,10,253.64181,0.48835,0.10064,0.18207,0.05869,0.13135,3e-04,0.01,321
91.68657,0,9.61325,129.77685,0,-0.0272400000000061,0,0.0272299999999994,0,0,10,253.64181,0.48835,0.10064,0.18207,0.05869,0.13135,3e-04,0.01,322
91.65933,0,9.64048,129.77685,0,-0.027230000000003,0,0.0272299999999994,0,0,10,253.64181,0.48835,0.10064,0.18207,0.05869,0.13135,3e-04,0.01,323
91.6321,0,9.66771,129.77685,0,-0.0272299999999888,0,0.0272100000000002,0,0,10,253.64181,0.48835,0.10064,0.18207,0.05869,0.13135,3e-04,0.01,324
91.60487,0,9.69492,129.77685,0,-0.0272100000000108,0,0.0272100000000002,0,0,10,253.64181,0.48835,0.10064,0.18207,0.05869,0.13135,3e-04,0.01,325
91.57766,0,9.72213,129.77685,0,-0.0272099999999966,0,0.0272000000000006,0,0,10,253.64181,0.48835,0.10064,0.18207,0.05869,0.13135,3e-04,0.01,326
91.55045,0,9.74933,129.77685,0,-0.0271999999999935,0,0.0271899999999992,0,0,10,253.64181,0.48835,0.10064,0.18207,0.05869,0.13135,3e-04,0.01,327
91.52325,0,9.77652,129.77685,0,-0.0271900000000045,0,0.0271799999999995,0,0,10,253.64181,0.48835,0.10064,0.18207,0.05869,0.13135,3e-04,0.01,328
91.49606,0,9.8037,129.77685,0,-0.0271800000000013,0,0.0271700000000017,0,0,10,253.64181,0.48835,0.10064,0.18207,0.05869,0.13135,3e-04,0.01,329
91.46888,0,9.83087,129.77685,0,-0.0271699999999981,0,0.0271699999999999,0,0,10,253.64181,0.48835,0.10064,0.18207,0.05869,0.13135,3e-04,0.01,330
91.44171,0,9.85804,129.77685,0,-0.0271699999999981,0,0.0271599999999985,0,0,10,253.64181,0.48835,0.10064,0.18207,0.05869,0.13135,3e-04,0.01,331
91.41454,0,9.8852,129.77685,0,-0.0271600000000092,0,0.0271500000000007,0,0,10,253.64181,0.48835,0.10064,0.18207,0.05869,0.13135,3e-04,0.01,332
91.38738,0,9.91235,129.77685,0,-0.0271499999999918,0,0.0271399999999993,0,0,10,253.64181,0.48835,0.10064,0.18207,0.05869,0.13135,3e-04,0.01,333
91.36023,0,9.93949,129.77685,0,-0.0271400000000028,0,0.0271300000000014,0,0,10,253.64181,0.48835,0.10064,0.18207,0.05869,0.13135,3e-04,0.01,334
91.33309,0,9.96662,129.77685,0,-0.0271299999999997,0,0.0271299999999997,0,0,10,253.64181,0.48835,0.10064,0.18207,0.05869,0.13135,3e-04,0.01,335
91.30596,0,9.99375,129.77685,0,-0.0271299999999997,0,0.02712,-1.09895,1.09828,10,253.64181,0.48835,0.10064,0.18207,0.05869,0.13135,3e-04,0.01,336
91.27883,0,10.02087,128.6779,1.09828,-0.080449999999999,0,0.0804200000000002,-1.10645,1.10575,10,253.64181,0.48835,0.10064,0.18207,0.05869,0.13135,3e-04,0.01,337
91.19838,0,10.10129,127.57145,2.20403,-0.0808099999999996,0,0.0807899999999986,-1.11395,1.11322,10,253.64181,0.48835,0.10064,0.18207,0.05869,0.13135,3e-04,0.01,338
91.11757,0,10.18208,126.4575,3.31725,-0.0811700000000002,0,0.0811400000000013,-1.12142,1.12067,10,253.64181,0.48835,0.10064,0.18207,0.05869,0.13135,3e-04,0.01,339
91.0364,0,10.26322,125.33608,4.43792,-0.0815300000000008,0,0.0814899999999987,-1.12889,1.12811,10,253.64181,0.48835,0.10064,0.18207,0.05869,0.13135,3e-04,0.01,340
90.95487,0,10.34471,124.20719,5.56603,-0.0818900000000014,0,0.0818600000000007,-1.13634,1.13553,10,253.64181,0.48835,0.10064,0.18207,0.05869,0.13135,3e-04,0.01,341
90.87298,0,10.42657,123.07085,6.70156,-0.0822399999999988,0,0.0822199999999995,-1.14379,1.14294,10,253.64181,0.48835,0.10064,0.18207,0.05869,0.13135,3e-04,0.01,342
90.79074,0,10.50879,121.92706,7.8445,-0.0826100000000025,0,0.0825700000000005,-1.1512,1.15032,10,253.64181,0.48835,0.10064,0.18207,0.05869,0.13135,3e-04,0.01,343
90.70813,0,10.59136,120.77586,8.99482,-0.0829700000000031,0,0.0829400000000007,-1.15859999999999,1.15769,10,253.64181,0.48835,0.10064,0.18207,0.05869,0.13135,3e-04,0.01,344
90.62516,0,10.6743,119.61726,10.15251,-0.0833299999999895,0,0.0832999999999995,-1.16598,1.16504,10,253.64181,0.48835,0.10064,0.18207,0.05869,0.13135,3e-04,0.01,345
90.54183,0,10.7576,118.45128,11.31755,-0.0836900000000043,0,0.0836699999999997,-1.17332999999999,1.17235,10,253.64181,0.48835,0.10064,0.18207,0.05869,0.13135,3e-04,0.01,346
90.45814,0,10.84127,117.27795,12.4899,-0.0840599999999938,0,0.0840200000000006,-1.18067000000001,1.17964,10,253.64181,0.48835,0.10064,0.18207,0.05869,0.13135,3e-04,0.01,347
90.37408,0,10.92529,116.09728,13.66954,-0.0844200000000086,0,0.0844000000000005,-1.18796,1.1869,10,253.64181,0.48835,0.10064,0.18207,0.05869,0.13135,3e-04,0.01,348
90.28966,0,11.00969,114.90932,14.85644,-0.0847899999999981,0,0.0847499999999997,-1.19524,1.19413,10,253.64181,0.48835,0.10064,0.18207,0.05869,0.13135,3e-04,0.01,349
90.20487,0,11.09444,113.71408,16.05057,-0.0851600000000019,0,0.0851299999999995,-1.20246999999999,1.20132,10,253.64181,0.48835,0.10064,0.18207,0.05869,0.13135,3e-04,0.01,350
90.11971,0,11.17957,112.51161,17.25189,-0.0855200000000025,0,0.0854900000000001,-1.20967,1.20848,10,253.64181,0.48835,0.10064,0.18207,0.05869,0.13135,3e-04,0.01,351
90.03419,0,11.26506,111.30194,18.46037,-0.085889999999992,0,0.0858500000000006,-1.21683,1.21559,10,253.64181,0.48835,0.10064,0.18207,0.05869,0.13135,3e-04,0.01,352
89.9483,0,11.35091,110.08511,19.67596,-0.0862500000000068,0,0.0862299999999987,-1.22396000000001,1.22266,10,253.64181,0.48835,0.10064,0.18207,0.05869,0.13135,3e-04,0.01,353
89.86205,0,11.43714,108.86115,20.89862,-0.0866299999999995,0,0.0865900000000011,-1.23102999999999,1.22969,10,253.64181,0.48835,0.10064,0.18207,0.05869,0.13135,3e-04,0.01,354
89.77542,0,11.52373,107.63012,22.12831,-0.0870000000000033,0,0.0869699999999991,-1.23807000000001,1.23666,10,253.64181,0.48835,0.10064,0.18207,0.05869,0.13135,3e-04,0.01,355
89.68842,0,11.6107,106.39205,23.36497,-0.0873599999999897,0,0.0873299999999997,-1.24504,1.24359,10,253.64181,0.48835,0.10064,0.18207,0.05869,0.13135,3e-04,0.01,356
89.60106,0,11.69803,105.14701,24.60856,-0.0877400000000108,0,0.0877100000000013,-1.25197,1.25044,10,253.64181,0.48835,0.10064,0.18207,0.05869,0.13135,3e-04,0.01,357
89.51332,0,11.78574,103.89504,25.859,-0.0881099999999861,0,0.0880700000000001,-1.25882999999999,1.25726,10,253.64181,0.48835,0.10064,0.18207,0.05869,0.13135,3e-04,0.01,358
89.42521,0,11.87381,102.63621,27.11626,-0.0884800000000041,0,0.0884499999999999,-1.26564,1.26399,10,253.64181,0.48835,0.10064,0.18207,0.05869,0.13135,3e-04,0.01,359
89.33673,0,11.96226,101.37057,28.38025,-0.0888599999999968,0,0.0888200000000001,-1.27239,1.27067,10,253.64181,0.48835,0.10064,0.18207,0.05869,0.13135,3e-04,0.01,360
89.24787,0,12.05108,100.09818,29.65092,-0.0892300000000006,0,0.0891999999999999,-1.27905,1.27726,10,253.64181,0.48835,0.10064,0.18207,0.05869,0.13135,3e-04,0.01,361
89.15864,0,12.14028,98.81913,30.92818,-0.0896000000000043,0,0.0895700000000001,-1.28565,1.28379,10,253.64181,0.48835,0.10064,0.18207,0.05869,0.13135,3e-04,0.01,362
89.06904,0,12.22985,97.53348,32.21197,-0.0899799999999971,0,0.0899399999999986,-1.29217,1.29023,10,253.64181,0.48835,0.10064,0.18207,0.05869,0.13135,3e-04,0.01,363
88.97906,0,12.31979,96.24131,33.5022,-0.090360000000004,0,0.0903200000000002,-1.29861,1.29658,10,253.64181,0.48835,0.10064,0.18207,0.05869,0.13135,3e-04,0.01,364
88.8887,0,12.41011,94.9427,34.79878,-0.0907299999999935,0,0.0907,-1.30495000000001,1.30284,10,253.64181,0.48835,0.10064,0.18207,0.05869,0.13135,3e-04,0.01,365
88.79797,0,12.50081,93.63775,36.10162,-0.0911100000000005,0,0.0910700000000002,-1.31121,1.30901,10,253.64181,0.48835,0.10064,0.18207,0.05869,0.13135,3e-04,0.01,366
88.70686,0,12.59188,92.32654,37.41063,-0.0914900000000074,0,0.0914599999999997,-1.31735999999999,1.31506,10,253.64181,0.48835,0.10064,0.18207,0.05869,0.13135,3e-04,0.01,367
88.61537,0,12.68334,91.00918,38.72569,-0.0918599999999969,0,0.0918200000000002,-1.32342,1.32102,10,253.64181,0.48835,0.10064,0.18207,0.05869,0.13135,3e-04,0.01,368
88.52351,0,12.77516,89.68576,40.04671,-0.0922400000000039,0,0.0922099999999997,-1.32935000000001,1.32684,10,253.64181,0.48835,0.10064,0.18207,0.05869,0.13135,3e-04,0.01,369
88.43127,0,12.86737,88.35641,41.37355,-0.0926299999999998,0,0.0925900000000013,-1.33516999999999,1.33256,10,253.64181,0.48835,0.10064,0.18207,0.05869,0.13135,3e-04,0.01,370
88.33864,0,12.95996,87.02124,42.70611,-0.0930000000000035,0,0.0929599999999997,-1.34087000000001,1.33814,10,253.64181,0.48835,0.10064,0.18207,0.05869,0.13135,3e-04,0.01,371
88.24564,0,13.05292,85.68037,44.04425,-0.0933799999999962,0,0.0933499999999992,-1.34644,1.34358,10,253.64181,0.48835,0.10064,0.18207,0.05869,0.13135,3e-04,0.01,372
88.15226,0,13.14627,84.33393,45.38783,-0.0937699999999921,0,0.0937300000000008,-1.35186,1.34888,10,253.64181,0.48835,0.10064,0.18207,0.05869,0.13135,3e-04,0.01,373
88.05849,0,13.24,82.98207,46.73671,-0.0941400000000101,0,0.0941100000000006,-1.35713999999999,1.35402,10,253.64181,0.48835,0.10064,0.18207,0.05869,0.13135,3e-04,0.01,374
87.96435,0,13.33411,81.62493,48.09073,-0.0945299999999918,0,0.0944899999999986,-1.36226000000001,1.35901,10,253.64181,0.48835,0.10064,0.18207,0.05869,0.13135,3e-04,0.01,375
87.86982,0,13.4286,80.26267,49.44974,-0.0949099999999987,0,0.0948700000000002,-1.36722,1.36381,10,253.64181,0.48835,0.10064,0.18207,0.05869,0.13135,3e-04,0.01,376
87.77491,0,13.52347,78.89545,50.81355,-0.0952900000000056,0,0.0952500000000001,-1.37201,1.36844,10,253.64181,0.48835,0.10064,0.18207,0.05869,0.13135,3e-04,0.01,377
87.67962,0,13.61872,77.52344,52.18199,-0.0956800000000015,0,0.0956399999999995,-1.3766,1.37288,10,253.64181,0.48835,0.10064,0.18207,0.05869,0.13135,3e-04,0.01,378
87.58394,0,13.71436,76.14684,53.55487,-0.0960599999999943,0,0.0960200000000011,-1.38101999999999,1.3771,10,253.64181,0.48835,0.10064,0.18207,0.05869,0.13135,3e-04,0.01,379
87.48788,0,13.81038,74.76582,54.93197,-0.0964500000000044,0,0.0964100000000006,-1.38521,1.38113,10,253.64181,0.48835,0.10064,0.18207,0.05869,0.13135,3e-04,0.01,380
87.39143,0,13.90679,73.38061,56.3131,-0.0968299999999971,0,0.0967899999999986,-1.38919,1.38491,10,253.64181,0.48835,0.10064,0.18207,0.05869,0.13135,3e-04,0.01,381
87.2946,0,14.00358,71.99142,57.69801,-0.097210000000004,0,0.0971799999999998,-1.39295,1.38846,10,253.64181,0.48835,0.10064,0.18207,0.05869,0.13135,3e-04,0.01,382
87.19739,0,14.10076,70.59847,59.08647,-0.0976100000000031,0,0.0975600000000014,-1.39646,1.39176,10,253.64181,0.48835,0.10064,0.18207,0.05869,0.13135,3e-04,0.01,383
87.09978,0,14.19832,69.20201,60.47823,-0.0979799999999926,0,0.0979499999999991,-1.39972,1.39478,10,253.64181,0.48835,0.10064,0.18207,0.05869,0.13135,3e-04,0.01,384
87.0018,0,14.29627,67.80229,61.87301,-0.0983800000000059,0,0.0983300000000007,-1.40268999999999,1.39753,10,253.64181,0.48835,0.10064,0.18207,0.05869,0.13135,3e-04,0.01,385
86.90342,0,14.3946,66.3996,63.27054,-0.0987599999999986,0,0.0987200000000001,-1.4054,1.39997,10,253.64181,0.48835,0.10064,0.18207,0.05869,0.13135,3e-04,0.01,386
86.80466,0,14.49332,64.9942,64.67051,-0.0991499999999945,0,0.0991099999999996,-1.40779000000001,1.4021,10,253.64181,0.48835,0.10064,0.18207,0.05869,0.13135,3e-04,0.01,387
86.70551,0,14.59243,63.58641,66.07261,-0.0995400000000046,0,0.0994899999999994,-1.40986,1.40389,10,253.64181,0.48835,0.10064,0.18207,0.05869,0.13135,3e-04,0.01,388
86.60597,0,14.69192,62.17655,67.4765,-0.0999199999999973,0,0.0998900000000003,-1.4116,1.40532,10,253.64181,0.48835,0.10064,0.18207,0.05869,0.13135,3e-04,0.01,389
86.50605,0,14.79181,60.76495,68.88182,-0.100319999999996,0,0.10027,-1.41298,1.40639,10,253.64181,0.48835,0.10064,0.18207,0.05869,0.13135,3e-04,0.01,390
86.40573,0,14.89208,59.35197,70.28821,-0.100700000000003,0,0.10066,-1.41397,1.40705,10,253.64181,0.48835,0.10064,0.18207,0.05869,0.13135,3e-04,0.01,391
86.30503,0,14.99274,57.938,71.69526,-0.101089999999999,0,0.101050000000001,-1.41458,1.40728999999999,10,253.64181,0.48835,0.10064,0.18207,0.05869,0.13135,3e-04,0.01,392
86.20394,0,15.09379,56.52342,73.10255,-0.101480000000009,0,0.10144,-1.41474,1.4071,10,253.64181,0.48835,0.10064,0.18207,0.05869,0.13135,3e-04,0.01,393
86.10246,0,15.19523,55.10868,74.50965,-0.101879999999994,0,0.10183,-1.41448,1.40642000000001,10,253.64181,0.48835,0.10064,0.18207,0.05869,0.13135,3e-04,0.01,394
86.00058,0,15.29706,53.6942,75.91607,-0.102260000000001,0,0.102209999999999,-1.41373,1.40526,10,253.64181,0.48835,0.10064,0.18207,0.05869,0.13135,3e-04,0.01,395
85.89832,0,15.39927,52.28047,77.32133,-0.102649999999997,0,0.10261,-1.41248,1.40357,10,253.64181,0.48835,0.10064,0.18207,0.05869,0.13135,3e-04,0.01,396
85.79567,0,15.50188,50.86799,78.7249,-0.103040000000007,0,0.103,-1.41071,1.40133,10,253.64181,0.48835,0.10064,0.18207,0.05869,0.13135,3e-04,0.01,397
85.69263,0,15.60488,49.45728,80.12623,-0.103439999999992,0,0.103390000000001,-1.40835999999999,1.39847999999999,10,253.64181,0.48835,0.10064,0.18207,0.05869,0.13135,3e-04,0.01,398
85.58919,0,15.70827,48.04892,81.52471,-0.103819999999999,0,0.103779999999999,-1.40544000000001,1.39503000000001,10,253.64181,0.48835,0.10064,0.18207,0.05869,0.13135,3e-04,0.01,399
85.48537,0,15.81205,46.64348,82.91974,-0.104219999999998,0,0.10417,-1.40188999999999,1.39091999999999,10,253.64181,0.48835,0.10064,0.18207,0.05869,0.13135,3e-04,0.01,400
85.38115,0,15.91622,45.24159,84.31066,-0.104610000000008,0,0.104559999999999,-1.39766,1.38611,10,253.64181,0.48835,0.10064,0.18207,0.05869,0.13135,3e-04,0.01,401
85.27654,0,16.02078,43.84393,85.69677,-0.105000000000004,0,0.104950000000002,-1.39275,1.38057000000001,10,253.64181,0.48835,0.10064,0.18207,0.05869,0.13135,3e-04,0.01,402
85.17154,0,16.12573,42.45118,87.07734,-0.10539,0,0.105349999999998,-1.3871,1.37425999999999,10,253.64181,0.48835,0.10064,0.18207,0.05869,0.13135,3e-04,0.01,403
85.06615,0,16.23108,41.06408,88.4516,-0.105779999999996,0,0.105730000000001,-1.38066,1.36712,10,253.64181,0.48835,0.10064,0.18207,0.05869,0.13135,3e-04,0.01,404
84.96037,0,16.33681,39.68342,89.81872,-0.106179999999995,0,0.10613,-1.3734,1.35913000000001,10,253.64181,0.48835,0.10064,0.18207,0.05869,0.13135,3e-04,0.01,405
84.85419,0,16.44294,38.31002,91.17785,-0.106570000000005,0,0.10652,-1.36527,1.35021999999999,10,253.64181,0.48835,0.10064,0.18207,0.05869,0.13135,3e-04,0.01,406
84.74762,0,16.54946,36.94475,92.52807,-0.106960000000001,0,0.106919999999999,-1.35624,1.34036,10,253.64181,0.48835,0.10064,0.18207,0.05869,0.13135,3e-04,0.01,407
84.64066,0,16.65638,35.58851,93.86843,-0.107349999999997,0,0.107300000000002,-1.34623,1.3295,10,253.64181,0.48835,0.10064,0.18207,0.05869,0.13135,3e-04,0.01,408
84.53331,0,16.76368,34.24228,95.19793,-0.107749999999996,0,0.107699999999998,-1.33522,1.31757,10,253.64181,0.48835,0.10064,0.18207,0.05869,0.13135,3e-04,0.01,409
84.42556,0,16.87138,32.90706,96.5155,-0.108140000000006,0,0.108090000000001,-1.32314,1.30454,10,253.64181,0.48835,0.10064,0.18207,0.05869,0.13135,3e-04,0.01,410
84.31742,0,16.97947,31.58392,97.82004,-0.108530000000002,0,0.10848,-1.30994,1.29034,10,253.64181,0.48835,0.10064,0.18207,0.05869,0.13135,3e-04,0.01,411
84.20889,0,17.08795,30.27398,99.11038,-0.108930000000001,0,0.108879999999999,-1.29559,1.27493999999999,10,253.64181,0.48835,0.10064,0.18207,0.05869,0.13135,3e-04,0.01,412
84.09996,0,17.19683,28.97839,100.38532,-0.109319999999997,0,0.109270000000002,-1.28001,1.25827000000001,10,253.64181,0.48835,0.10064,0.18207,0.05869,0.13135,3e-04,0.01,413
83.99064,0,17.3061,27.69838,101.64359,-0.109709999999993,0,0.109659999999998,-1.26317,1.24028,10,253.64181,0.48835,0.10064,0.18207,0.05869,0.13135,3e-04,0.01,414
83.88093,0,17.41576,26.43521,102.88387,-0.110110000000006,0,0.110050000000001,-1.24499,1.22094,10,253.64181,0.48835,0.10064,0.18207,0.05869,0.13135,3e-04,0.01,415
83.77082,0,17.52581,25.19022,104.10481,-0.110489999999999,0,0.11045,-1.22547,1.2002,10,253.64181,0.48835,0.10064,0.18207,0.05869,0.13135,3e-04,0.01,416
83.66033,0,17.63626,23.96475,105.30501,-0.110900000000001,0,0.11083,-1.20453,1.178,10,253.64181,0.48835,0.10064,0.18207,0.05869,0.13135,3e-04,0.01,417
83.54943,0,17.74709,22.76022,106.48301,-0.111280000000008,0,0.111239999999999,-1.18214,1.15433,10,253.64181,0.48835,0.10064,0.18207,0.05869,0.13135,3e-04,0.01,418
83.43815,0,17.85833,21.57808,107.63734,-0.111679999999993,0,0.111620000000002,-1.15827,1.12917,10,253.64181,0.48835,0.10064,0.18207,0.05869,0.13135,3e-04,0.01,419
83.32647,0,17.96995,20.41981,108.76651,-0.112070000000003,0,0.112019999999998,-1.1329,1.10249,10,253.64181,0.48835,0.10064,0.18207,0.05869,0.13135,3e-04,0.01,420
83.2144,0,18.08197,19.28691,109.869,-0.112459999999999,0,0.112400000000001,-1.10602,1.07429,10,253.64181,0.48835,0.10064,0.18207,0.05869,0.13135,3e-04,0.01,421
83.10194,0,18.19437,18.18089,110.94329,-0.112859999999998,0,0.11281,-1.0776,1.04459,10,253.64181,0.48835,0.10064,0.18207,0.05869,0.13135,3e-04,0.01,422
82.98908,0,18.30718,17.10329,111.98788,-0.113250000000008,0,0.113189999999999,-1.0477,1.01340999999999,10,253.64181,0.48835,0.10064,0.18207,0.05869,0.13135,3e-04,0.01,423
82.87583,0,18.42037,16.05559,113.00129,-0.11363999999999,0,0.113580000000002,-1.01631,0.980789999999999,10,253.64181,0.48835,0.10064,0.18207,0.05869,0.13135,3e-04,0.01,424
82.76219,0,18.53395,15.03928,113.98208,-0.11403,0,0.113979999999998,-0.98349,0.946809999999999,10,253.64181,0.48835,0.10064,0.18207,0.05869,0.13135,3e-04,0.01,425
82.64816,0,18.64793,14.05579,114.92889,-0.114429999999999,0,0.114370000000001,-0.949299999999999,0.911560000000009,10,253.64181,0.48835,0.10064,0.18207,0.05869,0.13135,3e-04,0.01,426
82.53373,0,18.7623,13.10649,115.84045,-0.114820000000009,0,0.11476,-0.91384,0.875129999999999,10,253.64181,0.48835,0.10064,0.18207,0.05869,0.13135,3e-04,0.01,427
82.41891,0,18.87706,12.19265,116.71558,-0.11520999999999,0,0.11515,-0.87721,0.83766,10,253.64181,0.48835,0.10064,0.18207,0.05869,0.13135,3e-04,0.01,428
82.3037,0,18.99221,11.31544,117.55324,-0.115600000000001,0,0.115549999999999,-0.839560000000001,0.799329999999998,10,253.64181,0.48835,0.10064,0.18207,0.05869,0.13135,3e-04,0.01,429
82.1881,0,19.10776,10.47588,118.35257,-0.115990000000011,0,0.115930000000002,-0.80104,0.760289999999998,10,253.64181,0.48835,0.10064,0.18207,0.05869,0.13135,3e-04,0.01,430
82.07211,0,19.22369,9.67484,119.11286,-0.116379999999992,0,0.116319999999998,-0.76182,0.720759999999999,10,253.64181,0.48835,0.10064,0.18207,0.05869,0.13135,3e-04,0.01,431
81.95573,0,19.34001,8.91302,119.83362,-0.116780000000006,0,0.116720000000001,-0.72213,0.680959999999999,10,253.64181,0.48835,0.10064,0.18207,0.05869,0.13135,3e-04,0.01,432
81.83895,0,19.45673,8.19089,120.51458,-0.117170000000002,0,0.11711,-0.682169999999999,0.641100000000009,10,253.64181,0.48835,0.10064,0.18207,0.05869,0.13135,3e-04,0.01,433
81.72178,0,19.57384,7.50872,121.15568,-0.117549999999994,0,0.11749,-0.642160000000001,0.60145,10,253.64181,0.48835,0.10064,0.18207,0.05869,0.13135,3e-04,0.01,434
81.60423,0,19.69133,6.86656,121.75713,-0.117950000000008,0,0.117889999999999,-0.60238,0.562219999999996,10,253.64181,0.48835,0.10064,0.18207,0.05869,0.13135,3e-04,0.01,435
81.48628,0,19.80922,6.26418,122.31935,-0.11833,0,0.118269999999999,-0.56302,0.523679999999999,10,253.64181,0.48835,0.10064,0.18207,0.05869,0.13135,3e-04,0.01,436
81.36795,0,19.92749,5.70116,122.84303,-0.118729999999999,0,0.118660000000002,-0.52437,0.486040000000003,10,253.64181,0.48835,0.10064,0.18207,0.05869,0.13135,3e-04,0.01,437
81.24922,0,20.04615,5.17679,123.32907,-0.119109999999992,0,0.119049999999998,-0.48663,0.449519999999993,10,253.64181,0.48835,0.10064,0.18207,0.05869,0.13135,3e-04,0.01,438
81.13011,0,20.1652,4.69016,123.77859,-0.119510000000005,0,0.119440000000001,-0.450019999999999,0.414300000000011,10,253.64181,0.48835,0.10064,0.18207,0.05869,0.13135,3e-04,0.01,439
81.0106,0,20.28464,4.24014,124.19289,-0.119889999999998,0,0.11983,-0.41472,0.380559999999988,10,253.64181,0.48835,0.10064,0.18207,0.05869,0.13135,3e-04,0.01,440
80.89071,0,20.40447,3.82542,124.57345,-0.120279999999994,0,0.12021,-0.38092,0.348440000000011,10,253.64181,0.48835,0.10064,0.18207,0.05869,0.13135,3e-04,0.01,441
80.77043,0,20.52468,3.4445,124.92189,-0.120660000000001,0,0.120609999999999,-0.34873,0.318029999999993,10,253.64181,0.48835,0.10064,0.18207,0.05869,0.13135,3e-04,0.01,442
80.64977,0,20.64529,3.09577,125.23992,-0.12106,0,0.120979999999999,-0.31827,0.289410000000004,10,253.64181,0.48835,0.10064,0.18207,0.05869,0.13135,3e-04,0.01,443
80.52871,0,20.76627,2.7775,125.52933,-0.121440000000007,0,0.121380000000002,-0.28961,0.262619999999998,10,253.64181,0.48835,0.10064,0.18207,0.05869,0.13135,3e-04,0.01,444
80.40727,0,20.88765,2.48789,125.79195,-0.12182,0,0.121759999999998,-0.26278,0.237690000000001,10,253.64181,0.48835,0.10064,0.18207,0.05869,0.13135,3e-04,0.01,445
80.28545,0,21.00941,2.22511,126.02964,-0.122209999999995,0,0.122140000000002,-0.23782,0.214590000000001,10,253.64181,0.48835,0.10064,0.18207,0.05869,0.13135,3e-04,0.01,446
80.16324,0,21.13155,1.98729,126.24423,-0.122600000000006,0,0.122529999999998,-0.2147,0.193280000000001,10,253.64181,0.48835,0.10064,0.18207,0.05869,0.13135,3e-04,0.01,447
80.04064,0,21.25408,1.77259,126.43751,-0.122979999999998,0,0.122910000000001,-0.19337,0.173729999999992,10,253.64181,0.48835,0.10064,0.18207,0.05869,0.13135,3e-04,0.01,448
79.91766,0,21.37699,1.57922,126.61124,-0.123369999999994,0,0.1233,-0.17379,0.155840000000012,10,253.64181,0.48835,0.10064,0.18207,0.05869,0.13135,3e-04,0.01,449
79.79429,0,21.50029,1.40543,126.76708,-0.123750000000001,0,0.12368,-0.1559,0.13955,10,253.64181,0.48835,0.10064,0.18207,0.05869,0.13135,3e-04,0.01,450
79.67054,0,21.62397,1.24953,126.90663,-0.124130000000008,0,0.12406,-0.13959,0.124749999999992,10,253.64181,0.48835,0.10064,0.18207,0.05869,0.13135,3e-04,0.01,451
79.54641,0,21.74803,1.10994,127.03138,-0.124510000000001,0,0.12444,-0.12479,0.111370000000008,10,253.64181,0.48835,0.10064,0.18207,0.05869,0.13135,3e-04,0.01,452
79.4219,0,21.87247,0.98515,127.14275,-0.124889999999994,0,0.12482,-0.11139,0.09926999999999,10,253.64181,0.48835,0.10064,0.18207,0.05869,0.13135,3e-04,0.01,453
79.29701,0,21.99729,0.87376,127.24202,-0.125280000000004,0,0.125209999999999,-0.0992999999999999,0.0884000000000071,10,253.64181,0.48835,0.10064,0.18207,0.05869,0.13135,3e-04,0.01,454
79.17173,0,22.1225,0.77446,127.33042,-0.125659999999996,0,0.125580000000003,-0.08841,0.0786200000000008,10,253.64181,0.48835,0.10064,0.18207,0.05869,0.13135,3e-04,0.01,455
79.04607,0,22.24808,0.68605,127.40904,-0.12603,0,0.125959999999999,-0.07864,0.0698599999999914,10,253.64181,0.48835,0.10064,0.18207,0.05869,0.13135,3e-04,0.01,456
78.92004,0,22.37404,0.60741,127.4789,-0.126410000000007,0,0.126339999999999,-0.06987,0.062020000000004,10,253.64181,0.48835,0.10064,0.18207,0.05869,0.13135,3e-04,0.01,457
78.79363,0,22.50038,0.53754,127.54092,-0.126799999999989,0,0.126719999999999,-0.06203,0.055019999999999,10,253.64181,0.48835,0.10064,0.18207,0.05869,0.13135,3e-04,0.01,458
78.66683,0,22.6271,0.47551,127.59594,-0.127170000000007,0,0.127090000000003,-0.05502,0.0487700000000046,10,253.64181,0.48835,0.10064,0.18207,0.05869,0.13135,3e-04,0.01,459
78.53966,0,22.75419,0.42049,127.64471,-0.127539999999996,0,0.127469999999999,-0.04878,0.043210000000002,10,253.64181,0.48835,0.10064,0.18207,0.05869,0.13135,3e-04,0.01,460
78.41212,0,22.88166,0.37171,127.68792,-0.127920000000003,0,0.127849999999999,-0.04321,0.038259999999994,10,253.64181,0.48835,0.10064,0.18207,0.05869,0.13135,3e-04,0.01,461
78.2842,0,23.00951,0.3285,127.72618,-0.128299999999996,0,0.128220000000002,-0.03827,0.0338700000000074,10,253.64181,0.48835,0.10064,0.18207,0.05869,0.13135,3e-04,0.01,462
78.1559,0,23.13773,0.29023,127.76005,-0.12867,0,0.128589999999999,-0.03386,0.0299499999999995,10,253.64181,0.48835,0.10064,0.18207,0.05869,0.13135,3e-04,0.01,463
78.02723,0,23.26632,0.25637,127.79,-0.129050000000007,0,0.128969999999999,-0.02996,0.0264899999999955,10,253.64181,0.48835,0.10064,0.18207,0.05869,0.13135,3e-04,0.01,464
77.89818,0,23.39529,0.22641,127.81649,-0.129409999999993,0,0.12933,-0.02649,0.0234200000000016,10,253.64181,0.48835,0.10064,0.18207,0.05869,0.13135,3e-04,0.01,465
77.76877,0,23.52462,0.19992,127.83991,-0.12979,0,0.129710000000003,-0.02342,0.0206999999999908,10,253.64181,0.48835,0.10064,0.18207,0.05869,0.13135,3e-04,0.01,466
77.63898,0,23.65433,0.1765,127.86061,-0.130160000000004,0,0.13008,-0.0207,0.0182800000000043,10,253.64181,0.48835,0.10064,0.18207,0.05869,0.13135,3e-04,0.01,467
77.50882,0,23.78441,0.1558,127.87889,-0.130529999999993,0,0.13045,-0.01828,0.0161599999999993,10,253.64181,0.48835,0.10064,0.18207,0.05869,0.13135,3e-04,0.01,468
77.37829,0,23.91486,0.13752,127.89505,-0.130900000000011,0,0.13082,-0.01616,0.0142600000000073,10,253.64181,0.48835,0.10064,0.18207,0.05869,0.13135,3e-04,0.01,469
77.24739,0,24.04568,0.12136,127.90931,-0.131259999999997,0,0.131180000000001,-0.01426,0.012599999999992,10,253.64181,0.48835,0.10064,0.18207,0.05869,0.13135,3e-04,0.01,470
77.11613,0,24.17686,0.1071,127.92191,-0.131640000000004,0,0.131549999999997,-0.0126,0.0111200000000053,10,253.64181,0.48835,0.10064,0.18207,0.05869,0.13135,3e-04,0.01,471
76.98449,0,24.30841,0.0945,127.93303,-0.131999999999991,0,0.131910000000001,-0.01112,0.00981000000000165,10,253.64181,0.48835,0.10064,0.18207,0.05869,0.13135,3e-04,0.01,472
76.85249,0,24.44032,0.08338,127.94284,-0.132360000000006,0,0.132280000000002,-0.00982,0.00866999999999507,10,253.64181,0.48835,0.10064,0.18207,0.05869,0.13135,3e-04,0.01,473
76.72013,0,24.5726,0.07356,127.95151,-0.132729999999995,0,0.132639999999999,-0.00866,0.00764999999999816,10,253.64181,0.48835,0.10064,0.18207,0.05869,0.13135,3e-04,0.01,474
76.5874,0,24.70524,0.0649,127.95916,-0.133089999999996,0,0.133009999999999,-0.00765,0.00674000000000774,10,253.64181,0.48835,0.10064,0.18207,0.05869,0.13135,3e-04,0.01,475
76.45431,0,24.83825,0.05725,127.9659,-0.133450000000011,0,0.13336,-0.00675,0.00596000000000174,10,253.64181,0.48835,0.10064,0.18207,0.05869,0.13135,3e-04,0.01,476
76.32086,0,24.97161,0.0505,127.97186,-0.133809999999997,0,0.133730000000003,-0.00595,0.00524999999998954,10,253.64181,0.48835,0.10064,0.18207,0.05869,0.13135,3e-04,0.01,477
76.18705,0,25.10534,0.04455,127.97711,-0.134180000000001,0,0.134079999999997,-0.00525,0.00464000000000908,10,253.64181,0.48835,0.10064,0.18207,0.05869,0.13135,3e-04,0.01,478
76.05287,0,25.23942,0.0393,127.98175,-0.134529999999998,0,0.134440000000001,-0.00464,0.00408999999999082,10,253.64181,0.48835,0.10064,0.18207,0.05869,0.13135,3e-04,0.01,479
75.91834,0,25.37386,0.03466,127.98584,-0.134889999999999,0,0.134799999999998,-0.00409,0.00360000000000582,10,253.64181,0.48835,0.10064,0.18207,0.05869,0.13135,3e-04,0.01,480
75.78345,0,25.50866,0.03057,127.98944,-0.135239999999996,0,0.135160000000003,-0.0036,0.00319000000000358,10,253.64181,0.48835,0.10064,0.18207,0.05869,0.13135,3e-04,0.01,481
75.64821,0,25.64382,0.02697,127.99263,-0.135600000000011,0,0.135499999999997,-0.00319,0.00279999999999347,10,253.64181,0.48835,0.10064,0.18207,0.05869,0.13135,3e-04,0.01,482
75.51261,0,25.77932,0.02378,127.99543,-0.135949999999994,0,0.135860000000001,-0.0028,0.00248000000000559,10,253.64181,0.48835,0.10064,0.18207,0.05869,0.13135,3e-04,0.01,483
75.37666,0,25.91518,0.02098,127.99791,-0.136309999999995,0,0.136220000000002,-0.00248,0.00217999999999563,10,253.64181,0.48835,0.10064,0.18207,0.05869,0.13135,3e-04,0.01,484
75.24035,0,26.0514,0.0185,128.00009,-0.136660000000006,0,0.136559999999999,-0.00218,0.00192999999998733,10,253.64181,0.48835,0.10064,0.18207,0.05869,0.13135,3e-04,0.01,485
75.10369,0,26.18796,0.01632,128.00202,-0.137,0,0.13691,-0.00193,0.00169999999999959,10,253.64181,0.48835,0.10064,0.18207,0.05869,0.13135,3e-04,0.01,486
74.96669,0,26.32487,0.01439,128.00372,-0.137360000000001,0,0.137259999999998,-0.0017,0.00150000000002137,10,253.64181,0.48835,0.10064,0.18207,0.05869,0.13135,3e-04,0.01,487
74.82933,0,26.46213,0.01269,128.00522,-0.137699999999995,0,0.137610000000002,-0.0015,0.00131999999999266,10,253.64181,0.48835,0.10064,0.18207,0.05869,0.13135,3e-04,0.01,488
74.69163,0,26.59974,0.01119,128.00654,-0.138050000000007,0,0.13795,-0.00132,0.00115999999999872,10,253.64181,0.48835,0.10064,0.18207,0.05869,0.13135,3e-04,0.01,489
