"S","A","R","P","C","dS","dA","dR","dP","dC","Q","N","uc_F","lc_f","mu","lmda","phi","kappa","epsilon","t"
2.5614,34.43788,0.0126,220.38,0,2.36055,-2.55248,0.00445,0,0,3,257.59436,0.14447,0.14786,0.07409,0.08457,0.12869,0.00069,0.01,1
4.92195,31.8854,0.01705,220.38,0,2.1838,-2.36375,0.00632,0,0,3,257.59436,0.14447,0.14786,0.07409,0.08457,0.12869,0.00069,0.01,2
7.10575,29.52165,0.02337,220.38,0,2.02012,-2.18915,0.00824,0,0,3,257.59436,0.14447,0.14786,0.07409,0.08457,0.12869,0.00069,0.01,3
9.12587,27.3325,0.03161,220.38,0,1.8685,-2.02766,0.01022,0,0,3,257.59436,0.14447,0.14786,0.07409,0.08457,0.12869,0.00069,0.01,4
10.99437,25.30484,0.04183,220.38,0,1.72806,-1.8783,0.01226,0,0,3,257.59436,0.14447,0.14786,0.07409,0.08457,0.12869,0.00069,0.01,5
12.72243,23.42654,0.05409,220.38,0,1.59795,-1.74018,0.0144,0,0,3,257.59436,0.14447,0.14786,0.07409,0.08457,0.12869,0.00069,0.01,6
14.32038,21.68636,0.06849,220.38,0,1.47739,-1.61246,0.01662,0,0,3,257.59436,0.14447,0.14786,0.07409,0.08457,0.12869,0.00069,0.01,7
15.79777,20.0739,0.08511,220.38,0,1.36566,-1.49439,0.01895,0,0,3,257.59436,0.14447,0.14786,0.07409,0.08457,0.12869,0.00069,0.01,8
17.16343,18.57951,0.10406,220.38,0,1.26209,-1.38526,0.0214,0,0,3,257.59436,0.14447,0.14786,0.07409,0.08457,0.12869,0.00069,0.01,9
18.42552,17.19425,0.12546,220.38,0,1.16607,-1.2844,0.02398,0,0,3,257.59436,0.14447,0.14786,0.07409,0.08457,0.12869,0.00069,0.01,10
19.59159,15.90985,0.14944,220.38,0,1.07701,-1.19124,0.0267,0,0,3,257.59436,0.14447,0.14786,0.07409,0.08457,0.12869,0.00069,0.01,11
20.6686,14.71861,0.17614,220.38,0,0.994389999999999,-1.10518,0.02958,0,0,3,257.59436,0.14447,0.14786,0.07409,0.08457,0.12869,0.00069,0.01,12
21.66299,13.61343,0.20572,220.38,0,0.917719999999999,-1.02573,0.03262,0,0,3,257.59436,0.14447,0.14786,0.07409,0.08457,0.12869,0.00069,0.01,13
22.58071,12.5877,0.23834,220.38,0,0.846520000000002,-0.95237,0.03583,0,0,3,257.59436,0.14447,0.14786,0.07409,0.08457,0.12869,0.00069,0.01,14
23.42723,11.63533,0.27417,220.38,0,0.78041,-0.884679999999999,0.03924,0,0,3,257.59436,0.14447,0.14786,0.07409,0.08457,0.12869,0.00069,0.01,15
24.20764,10.75065,0.31341,220.38,0,0.71894,-0.822240000000001,0.0428,0,0,3,257.59436,0.14447,0.14786,0.07409,0.08457,0.12869,0.00069,0.01,16
24.92658,9.92841,0.35621,220.38,0,0.661809999999999,-0.76465,0.04657,0,0,3,257.59436,0.14447,0.14786,0.07409,0.08457,0.12869,0.00069,0.01,17
25.58839,9.16376,0.40278,220.38,0,0.608629999999998,-0.711550000000001,0.0505,0,0,3,257.59436,0.14447,0.14786,0.07409,0.08457,0.12869,0.00069,0.01,18
26.19702,8.45221,0.45328,220.38,0,0.559130000000003,-0.662579999999999,0.05459,0,0,3,257.59436,0.14447,0.14786,0.07409,0.08457,0.12869,0.00069,0.01,19
26.75615,7.78963,0.50787,220.38,0,0.512989999999999,-0.61743,0.05884,0,0,3,257.59436,0.14447,0.14786,0.07409,0.08457,0.12869,0.00069,0.01,20
27.26914,7.1722,0.56671,220.38,0,0.469989999999999,-0.57579,0.0631799999999999,0,0,3,257.59436,0.14447,0.14786,0.07409,0.08457,0.12869,0.00069,0.01,21
27.73913,6.59641,0.62989,220.38,0,0.429860000000001,-0.53733,0.06759,0,0,3,257.59436,0.14447,0.14786,0.07409,0.08457,0.12869,0.00069,0.01,22
28.16899,6.05908,0.69748,220.38,0,0.392379999999999,-0.501799999999999,0.07201,0,0,3,257.59436,0.14447,0.14786,0.07409,0.08457,0.12869,0.00069,0.01,23
28.56137,5.55728,0.76949,220.38,0,0.35737,-0.46888,0.07639,0,0,3,257.59436,0.14447,0.14786,0.07409,0.08457,0.12869,0.00069,0.01,24
28.91874,5.0884,0.84588,220.38,0,0.324660000000002,-0.43832,0.0806,0,0,3,257.59436,0.14447,0.14786,0.07409,0.08457,0.12869,0.00069,0.01,25
29.2434,4.65008,0.92648,220.38,0,0.294069999999998,-0.40985,0.0845800000000001,0,0,3,257.59436,0.14447,0.14786,0.07409,0.08457,0.12869,0.00069,0.01,26
29.53747,4.24023,1.01106,220.38,0,0.26548,-0.38318,0.0882099999999999,0,0,3,257.59436,0.14447,0.14786,0.07409,0.08457,0.12869,0.00069,0.01,27
29.80295,3.85705,1.09927,220.38,0,0.238759999999999,-0.35811,0.0913600000000001,0,0,3,257.59436,0.14447,0.14786,0.07409,0.08457,0.12869,0.00069,0.01,28
30.04171,3.49894,1.19063,220.38,0,0.213830000000002,-0.33435,0.0939399999999999,0,0,3,257.59436,0.14447,0.14786,0.07409,0.08457,0.12869,0.00069,0.01,29
30.25554,3.16459,1.28457,220.38,0,0.19059,-0.31172,0.09581,0,0,3,257.59436,0.14447,0.14786,0.07409,0.08457,0.12869,0.00069,0.01,30
30.44613,2.85287,1.38038,220.38,0,0.168970000000002,-0.29003,0.0968900000000001,0,0,3,257.59436,0.14447,0.14786,0.07409,0.08457,0.12869,0.00069,0.01,31
30.6151,2.56284,1.47727,220.38,0,0.148909999999997,-0.26912,0.0971099999999998,0,0,3,257.59436,0.14447,0.14786,0.07409,0.08457,0.12869,0.00069,0.01,32
30.76401,2.29372,1.57438,220.38,0,0.130370000000003,-0.24889,0.09643,0,0,3,257.59436,0.14447,0.14786,0.07409,0.08457,0.12869,0.00069,0.01,33
30.89438,2.04483,1.67081,220.38,0,0.113299999999999,-0.22925,0.09487,0,0,3,257.59436,0.14447,0.14786,0.07409,0.08457,0.12869,0.00069,0.01,34
31.00768,1.81558,1.76568,220.38,0,0.097649999999998,-0.21021,0.0924700000000001,0,0,3,257.59436,0.14447,0.14786,0.07409,0.08457,0.12869,0.00069,0.01,35
31.10533,1.60537,1.85815,220.38,0,0.0833700000000022,-0.19178,0.08931,0,0,3,257.59436,0.14447,0.14786,0.07409,0.08457,0.12869,0.00069,0.01,36
31.1887,1.41359,1.94746,220.38,0,0.0704299999999982,-0.17399,0.0855199999999998,0,0,3,257.59436,0.14447,0.14786,0.07409,0.08457,0.12869,0.00069,0.01,37
31.25913,1.2396,2.03298,220.38,0,0.0587400000000002,-0.15696,0.0812400000000002,0,0,3,257.59436,0.14447,0.14786,0.07409,0.08457,0.12869,0.00069,0.01,38
31.31787,1.08264,2.11422,220.38,0,0.0482800000000019,-0.14076,0.0766399999999998,0,0,3,257.59436,0.14447,0.14786,0.07409,0.08457,0.12869,0.00069,0.01,39
31.36615,0.94188,2.19086,220.38,0,0.0389499999999998,-0.12548,0.07186,0,0,3,257.59436,0.14447,0.14786,0.07409,0.08457,0.12869,0.00069,0.01,40
31.4051,0.8164,2.26272,220.38,0,0.0306800000000003,-0.11122,0.0670500000000001,0,0,3,257.59436,0.14447,0.14786,0.07409,0.08457,0.12869,0.00069,0.01,41
31.43578,0.70518,2.32977,220.38,0,0.0233999999999988,-0.0980300000000001,0.0623300000000002,0,0,3,257.59436,0.14447,0.14786,0.07409,0.08457,0.12869,0.00069,0.01,42
31.45918,0.60715,2.3921,220.38,0,0.0170099999999991,-0.08593,0.0577999999999999,0,0,3,257.59436,0.14447,0.14786,0.07409,0.08457,0.12869,0.00069,0.01,43
31.47619,0.52122,2.4499,220.38,0,0.01145,-0.07496,0.05355,0,0,3,257.59436,0.14447,0.14786,0.07409,0.08457,0.12869,0.00069,0.01,44
31.48764,0.44626,2.50345,220.38,0,0.00662000000000162,-0.06509,0.0495999999999999,0,0,3,257.59436,0.14447,0.14786,0.07409,0.08457,0.12869,0.00069,0.01,45
31.49426,0.38117,2.55305,220.38,0,0.00244999999999962,-0.05629,0.0460000000000003,0,0,3,257.59436,0.14447,0.14786,0.07409,0.08457,0.12869,0.00069,0.01,46
31.49671,0.32488,2.59905,220.38,0,-0.0011499999999991,-0.04849,0.0427499999999998,0,0,3,257.59436,0.14447,0.14786,0.07409,0.08457,0.12869,0.00069,0.01,47
31.49556,0.27639,2.6418,220.38,0,-0.00422999999999973,-0.04164,0.0398499999999999,0,0,3,257.59436,0.14447,0.14786,0.07409,0.08457,0.12869,0.00069,0.01,48
31.49133,0.23475,2.68165,220.38,0,-0.00687000000000282,-0.03564,0.03729,0,0,3,257.59436,0.14447,0.14786,0.07409,0.08457,0.12869,0.00069,0.01,49
31.48446,0.19911,2.71894,220.38,0,-0.00912999999999897,-0.03044,0.03505,0,0,3,257.59436,0.14447,0.14786,0.07409,0.08457,0.12869,0.00069,0.01,50
31.47533,0.16867,2.75399,220.38,0,-0.0110299999999981,-0.02594,0.03308,0,0,3,257.59436,0.14447,0.14786,0.07409,0.08457,0.12869,0.00069,0.01,51
31.4643,0.14273,2.78707,220.38,0,-0.01267,-0.02206,0.0313699999999999,0,0,3,257.59436,0.14447,0.14786,0.07409,0.08457,0.12869,0.00069,0.01,52
31.45163,0.12067,2.81844,220.38,0,-0.0140400000000014,-0.01872,0.0299100000000001,0,0,3,257.59436,0.14447,0.14786,0.07409,0.08457,0.12869,0.00069,0.01,53
31.43759,0.10195,2.84835,220.38,0,-0.0152099999999997,-0.01588,0.0286400000000002,0,0,3,257.59436,0.14447,0.14786,0.07409,0.08457,0.12869,0.00069,0.01,54
31.42238,0.08607,2.87699,220.38,0,-0.0161900000000017,-0.01344,0.0275499999999997,0,0,3,257.59436,0.14447,0.14786,0.07409,0.08457,0.12869,0.00069,0.01,55
31.40619,0.07263,2.90454,220.38,0,-0.0170299999999983,-0.01138,0.0266299999999999,0,0,3,257.59436,0.14447,0.14786,0.07409,0.08457,0.12869,0.00069,0.01,56
31.38916,0.06125,2.93117,220.38,0,-0.0177200000000006,-0.00961,0.02583,0,0,3,257.59436,0.14447,0.14786,0.07409,0.08457,0.12869,0.00069,0.01,57
31.37144,0.05164,2.957,220.38,0,-0.0183199999999992,-0.00812,0.02515,0,0,3,257.59436,0.14447,0.14786,0.07409,0.08457,0.12869,0.00069,0.01,58
31.35312,0.04352,2.98215,220.38,0,-0.018810000000002,-0.00685,0.0245800000000003,-0.325269999999989,0.32527,3,257.59436,0.14447,0.14786,0.07409,0.08457,0.12869,0.00069,0.01,59
31.33431,0.03667,3.00673,220.05473,0.32527,-0.0533099999999997,-0.00272,0.0557799999999999,-0.331220000000002,0.33121,3,257.59436,0.14447,0.14786,0.07409,0.08457,0.12869,0.00069,0.01,60
31.281,0.03395,3.06251,219.72351,0.65648,-0.0540199999999977,-0.00251,0.0563199999999999,-0.337220000000002,0.33722,3,257.59436,0.14447,0.14786,0.07409,0.08457,0.12869,0.00069,0.01,61
31.22698,0.03144,3.11883,219.38629,0.9937,-0.0547500000000021,-0.00233,0.0568499999999998,-0.34326999999999,0.34326,3,257.59436,0.14447,0.14786,0.07409,0.08457,0.12869,0.00069,0.01,62
31.17223,0.02911,3.17568,219.04302,1.33696,-0.0554399999999973,-0.00216,0.0574000000000003,-0.349380000000025,0.34937,3,257.59436,0.14447,0.14786,0.07409,0.08457,0.12869,0.00069,0.01,63
31.11679,0.02695,3.23308,218.69364,1.68633,-0.0561400000000027,-0.00199,0.0579399999999999,-0.355539999999991,0.35553,3,257.59436,0.14447,0.14786,0.07409,0.08457,0.12869,0.00069,0.01,64
31.06065,0.02496,3.29102,218.3381,2.04186,-0.0568199999999983,-0.00185,0.0584899999999999,-0.361750000000001,0.36174,3,257.59436,0.14447,0.14786,0.07409,0.08457,0.12869,0.00069,0.01,65
31.00383,0.02311,3.34951,217.97635,2.4036,-0.0575100000000006,-0.00171,0.05905,-0.368030000000005,0.36801,3,257.59436,0.14447,0.14786,0.07409,0.08457,0.12869,0.00069,0.01,66
30.94632,0.0214,3.40856,217.60832,2.77161,-0.0581700000000005,-0.00159,0.05959,-0.374339999999989,0.37434,3,257.59436,0.14447,0.14786,0.07409,0.08457,0.12869,0.00069,0.01,67
30.88815,0.01981,3.46815,217.23398,3.14595,-0.05884,-0.00147,0.0601500000000001,-0.38073,0.38071,3,257.59436,0.14447,0.14786,0.07409,0.08457,0.12869,0.00069,0.01,68
30.82931,0.01834,3.5283,216.85325,3.52666,-0.0594999999999999,-0.00136,0.0607099999999998,-0.387149999999991,0.38715,3,257.59436,0.14447,0.14786,0.07409,0.08457,0.12869,0.00069,0.01,69
30.76981,0.01698,3.58901,216.4661,3.91381,-0.0601500000000001,-0.00125,0.0612699999999999,-0.393650000000008,0.39363,3,257.59436,0.14447,0.14786,0.07409,0.08457,0.12869,0.00069,0.01,70
30.70966,0.01573,3.65028,216.07245,4.30744,-0.0608000000000004,-0.00117,0.0618300000000001,-0.400190000000009,0.400180000000001,3,257.59436,0.14447,0.14786,0.07409,0.08457,0.12869,0.00069,0.01,71
30.64886,0.01456,3.71211,215.67226,4.70762,-0.0614500000000007,-0.00108,0.0623900000000002,-0.406779999999998,0.40677,3,257.59436,0.14447,0.14786,0.07409,0.08457,0.12869,0.00069,0.01,72
30.58741,0.01348,3.7745,215.26548,5.11439,-0.0620899999999978,-0.001,0.06297,-0.413440000000008,0.41343,3,257.59436,0.14447,0.14786,0.07409,0.08457,0.12869,0.00069,0.01,73
30.52532,0.01248,3.83747,214.85204,5.52782,-0.062730000000002,-0.000919999999999999,0.0635299999999996,-0.420149999999978,0.420129999999999,3,257.59436,0.14447,0.14786,0.07409,0.08457,0.12869,0.00069,0.01,74
30.46259,0.01156,3.901,214.43189,5.94795,-0.063369999999999,-0.000860000000000001,0.0641000000000003,-0.426920000000024,0.426900000000001,3,257.59436,0.14447,0.14786,0.07409,0.08457,0.12869,0.00069,0.01,75
30.39922,0.0107,3.9651,214.00497,6.37485,-0.0639900000000004,-0.000789999999999999,0.0646799999999996,-0.433729999999997,0.433719999999999,3,257.59436,0.14447,0.14786,0.07409,0.08457,0.12869,0.00069,0.01,76
30.33523,0.00991,4.02978,213.57124,6.80857,-0.0646299999999975,-0.000740000000000001,0.0652600000000003,-0.440599999999989,0.44059,3,257.59436,0.14447,0.14786,0.07409,0.08457,0.12869,0.00069,0.01,77
30.2706,0.00917,4.09504,213.13064,7.24916,-0.0652600000000021,-0.00068,0.0658300000000001,-0.447540000000004,0.44752,3,257.59436,0.14447,0.14786,0.07409,0.08457,0.12869,0.00069,0.01,78
30.20534,0.00849,4.16087,212.6831,7.69668,-0.0658899999999996,-0.000619999999999999,0.0664100000000003,-0.454530000000005,0.4545,3,257.59436,0.14447,0.14786,0.07409,0.08457,0.12869,0.00069,0.01,79
30.13945,0.00787,4.22728,212.22857,8.15118,-0.066510000000001,-0.00059,0.0669899999999997,-0.461559999999992,0.461539999999999,3,257.59436,0.14447,0.14786,0.07409,0.08457,0.12869,0.00069,0.01,80
30.07294,0.00728,4.29427,211.76701,8.61272,-0.0671399999999984,-0.00054,0.0675799999999995,-0.46866,0.468640000000001,3,257.59436,0.14447,0.14786,0.07409,0.08457,0.12869,0.00069,0.01,81
30.0058,0.00674,4.36185,211.29835,9.08136,-0.0677599999999998,-5e-04,0.0681600000000007,-0.475809999999996,0.47579,3,257.59436,0.14447,0.14786,0.07409,0.08457,0.12869,0.00069,0.01,82
29.93804,0.00624,4.43001,210.82254,9.55715,-0.0683800000000012,-0.000459999999999999,0.0687499999999996,-0.48302000000001,0.483000000000001,3,257.59436,0.14447,0.14786,0.07409,0.08457,0.12869,0.00069,0.01,83
29.86966,0.00578,4.49876,210.33952,10.04015,-0.0689999999999991,-0.000430000000000001,0.0693400000000004,-0.490279999999984,0.490259999999999,3,257.59436,0.14447,0.14786,0.07409,0.08457,0.12869,0.00069,0.01,84
29.80066,0.00535,4.5681,209.84924,10.53041,-0.0696300000000001,-0.00039,0.0699299999999994,-0.497610000000009,0.497580000000001,3,257.59436,0.14447,0.14786,0.07409,0.08457,0.12869,0.00069,0.01,85
29.73103,0.00496,4.63803,209.35163,11.02799,-0.0702400000000019,-0.00037,0.0705100000000005,-0.504969999999986,0.50494,3,257.59436,0.14447,0.14786,0.07409,0.08457,0.12869,0.00069,0.01,86
29.66079,0.00459,4.70854,208.84666,11.53293,-0.0708599999999997,-0.00034,0.0711199999999996,-0.512400000000014,0.51238,3,257.59436,0.14447,0.14786,0.07409,0.08457,0.12869,0.00069,0.01,87
29.58993,0.00425,4.77966,208.33426,12.04531,-0.0714799999999975,-0.00032,0.0716999999999999,-0.519890000000004,0.51985,3,257.59436,0.14447,0.14786,0.07409,0.08457,0.12869,0.00069,0.01,88
29.51845,0.00393,4.85136,207.81437,12.56516,-0.0721000000000025,-0.00029,0.0723000000000003,-0.527420000000006,0.5274,3,257.59436,0.14447,0.14786,0.07409,0.08457,0.12869,0.00069,0.01,89
29.44635,0.00364,4.92366,207.28695,13.09256,-0.0727200000000003,-0.00027,0.0728999999999997,-0.535020000000003,0.534979999999999,3,257.59436,0.14447,0.14786,0.07409,0.08457,0.12869,0.00069,0.01,90
29.37363,0.00337,4.99656,206.75193,13.62754,-0.0733299999999986,-0.00025,0.0734900000000005,-0.542669999999987,0.54264,3,257.59436,0.14447,0.14786,0.07409,0.08457,0.12869,0.00069,0.01,91
29.3003,0.00312,5.07005,206.20926,14.17018,-0.07395,-0.00023,0.0740999999999996,-0.550369999999987,0.550330000000001,3,257.59436,0.14447,0.14786,0.07409,0.08457,0.12869,0.00069,0.01,92
29.22635,0.00289,5.14415,205.65889,14.72051,-0.0745700000000014,-0.00021,0.0746900000000004,-0.558130000000006,0.55809,3,257.59436,0.14447,0.14786,0.07409,0.08457,0.12869,0.00069,0.01,93
29.15178,0.00268,5.21884,205.10076,15.2786,-0.0751799999999996,-2e-04,0.0752899999999999,-0.565940000000012,0.565899999999999,3,257.59436,0.14447,0.14786,0.07409,0.08457,0.12869,0.00069,0.01,94
29.0766,0.00248,5.29413,204.53482,15.8445,-0.0757999999999974,-0.00018,0.0758999999999999,-0.573800000000006,0.57376,3,257.59436,0.14447,0.14786,0.07409,0.08457,0.12869,0.00069,0.01,95
29.0008,0.0023,5.37003,203.96102,16.41826,-0.0764100000000028,-0.00017,0.0764899999999997,-0.58171999999999,0.581679999999999,3,257.59436,0.14447,0.14786,0.07409,0.08457,0.12869,0.00069,0.01,96
28.92439,0.00213,5.44652,203.3793,16.99994,-0.0770300000000006,-0.00016,0.0771000000000006,-0.589699999999993,0.589650000000002,3,257.59436,0.14447,0.14786,0.07409,0.08457,0.12869,0.00069,0.01,97
28.84736,0.00197,5.52362,202.7896,17.58959,-0.0776399999999988,-0.00015,0.0776899999999996,-0.59772000000001,0.59768,3,257.59436,0.14447,0.14786,0.07409,0.08457,0.12869,0.00069,0.01,98
28.76972,0.00182,5.60131,202.19188,18.18727,-0.0782500000000006,-0.00013,0.0783000000000005,-0.605799999999988,0.605749999999997,3,257.59436,0.14447,0.14786,0.07409,0.08457,0.12869,0.00069,0.01,99
28.69147,0.00169,5.67961,201.58608,18.79302,-0.0788699999999984,-0.00013,0.0789099999999996,-0.613930000000011,0.613880000000002,3,257.59436,0.14447,0.14786,0.07409,0.08457,0.12869,0.00069,0.01,100
28.6126,0.00156,5.75852,200.97215,19.4069,-0.0794800000000002,-0.00011,0.0795000000000003,-0.622119999999995,0.622060000000001,3,257.59436,0.14447,0.14786,0.07409,0.08457,0.12869,0.00069,0.01,101
28.53312,0.00145,5.83802,200.35003,20.02896,-0.0801000000000016,-0.00011,0.0801099999999995,-0.630349999999993,0.630299999999998,3,257.59436,0.14447,0.14786,0.07409,0.08457,0.12869,0.00069,0.01,102
28.45302,0.00134,5.91813,199.71968,20.65926,-0.0807000000000002,-1e-04,0.0807100000000007,-0.638640000000009,0.638580000000001,3,257.59436,0.14447,0.14786,0.07409,0.08457,0.12869,0.00069,0.01,103
28.37232,0.00124,5.99884,199.08104,21.29784,-0.0813199999999981,-9e-05,0.0813199999999998,-0.646989999999988,0.646919999999998,3,257.59436,0.14447,0.14786,0.07409,0.08457,0.12869,0.00069,0.01,104
28.291,0.00115,6.08016,198.43405,21.94476,-0.0819200000000002,-9e-05,0.0819099999999997,-0.655370000000005,0.6553,3,257.59436,0.14447,0.14786,0.07409,0.08457,0.12869,0.00069,0.01,105
28.20908,0.00106,6.16207,197.77868,22.60006,-0.0825400000000016,-8e-05,0.0825199999999997,-0.663810000000012,0.66375,3,257.59436,0.14447,0.14786,0.07409,0.08457,0.12869,0.00069,0.01,106
28.12654,0.00098,6.24459,197.11487,23.26381,-0.0831400000000002,-7e-05,0.0831200000000001,-0.67231000000001,0.672229999999999,3,257.59436,0.14447,0.14786,0.07409,0.08457,0.12869,0.00069,0.01,107
28.0434,0.00091,6.32771,196.44256,23.93604,-0.0837499999999984,-7e-05,0.0837200000000005,-0.680839999999989,0.680770000000003,3,257.59436,0.14447,0.14786,0.07409,0.08457,0.12869,0.00069,0.01,108
27.95965,0.00084,6.41143,195.76172,24.61681,-0.0843600000000002,-6e-05,0.08432,-0.689439999999991,0.689360000000001,3,257.59436,0.14447,0.14786,0.07409,0.08457,0.12869,0.00069,0.01,109
27.87529,0.00078,6.49575,195.07228,25.30617,-0.0849599999999988,-5.99999999999999e-05,0.0849199999999994,-0.698080000000004,0.697999999999997,3,257.59436,0.14447,0.14786,0.07409,0.08457,0.12869,0.00069,0.01,110
27.79033,0.00072,6.58067,194.3742,26.00417,-0.085560000000001,-5e-05,0.0855100000000002,-0.706760000000003,0.706680000000002,3,257.59436,0.14447,0.14786,0.07409,0.08457,0.12869,0.00069,0.01,111
27.70477,0.00067,6.66618,193.66744,26.71085,-0.0861699999999992,-5e-05,0.0861200000000002,-0.715499999999992,0.715409999999999,3,257.59436,0.14447,0.14786,0.07409,0.08457,0.12869,0.00069,0.01,112
27.6186,0.00062,6.7523,192.95194,27.42626,-0.0867700000000013,-5e-05,0.0867000000000004,-0.724280000000022,0.72419,3,257.59436,0.14447,0.14786,0.07409,0.08457,0.12869,0.00069,0.01,113
27.53183,0.00057,6.839,192.22766,28.15045,-0.0873600000000003,-4e-05,0.0873099999999996,-0.733119999999985,0.73301,3,257.59436,0.14447,0.14786,0.07409,0.08457,0.12869,0.00069,0.01,114
27.44447,0.00053,6.92631,191.49454,28.88346,-0.0879699999999985,-4e-05,0.0878899999999998,-0.741980000000012,0.741890000000001,3,257.59436,0.14447,0.14786,0.07409,0.08457,0.12869,0.00069,0.01,115
27.3565,0.00049,7.0142,190.75256,29.62535,-0.0885500000000015,-3e-05,0.0884900000000002,-0.750909999999976,0.750799999999998,3,257.59436,0.14447,0.14786,0.07409,0.08457,0.12869,0.00069,0.01,116
27.26795,0.00046,7.10269,190.00165,30.37615,-0.0891599999999997,-4e-05,0.0890700000000004,-0.75988000000001,0.75976,3,257.59436,0.14447,0.14786,0.07409,0.08457,0.12869,0.00069,0.01,117
27.17879,0.00042,7.19176,189.24177,31.13591,-0.089739999999999,-3e-05,0.0896599999999994,-0.768879999999996,0.76877,3,257.59436,0.14447,0.14786,0.07409,0.08457,0.12869,0.00069,0.01,118
27.08905,0.00039,7.28142,188.47289,31.90468,-0.0903300000000016,-3e-05,0.0902500000000002,-0.777940000000001,0.777819999999998,3,257.59436,0.14447,0.14786,0.07409,0.08457,0.12869,0.00069,0.01,119
26.99872,0.00036,7.37167,187.69495,32.6825,-0.0909300000000002,-2e-05,0.0908300000000004,-0.787040000000019,0.786910000000006,3,257.59436,0.14447,0.14786,0.07409,0.08457,0.12869,0.00069,0.01,120
26.90779,0.00034,7.4625,186.90791,33.46941,-0.0914999999999999,-3e-05,0.0914099999999998,-0.796169999999989,0.796039999999998,3,257.59436,0.14447,0.14786,0.07409,0.08457,0.12869,0.00069,0.01,121
26.81629,0.00031,7.55391,186.11174,34.26545,-0.0920899999999989,-2e-05,0.09199,-0.805350000000004,0.805209999999995,3,257.59436,0.14447,0.14786,0.07409,0.08457,0.12869,0.00069,0.01,122
26.7242,0.00029,7.6459,185.30639,35.07066,-0.0926699999999983,-2e-05,0.0925700000000003,-0.814580000000007,0.814430000000002,3,257.59436,0.14447,0.14786,0.07409,0.08457,0.12869,0.00069,0.01,123
26.63153,0.00027,7.73847,184.49181,35.88509,-0.0932400000000015,-2e-05,0.09314,-0.823829999999987,0.823680000000003,3,257.59436,0.14447,0.14786,0.07409,0.08457,0.12869,0.00069,0.01,124
26.53829,0.00025,7.83161,183.66798,36.70877,-0.0938200000000009,-2e-05,0.0937099999999997,-0.833130000000011,0.832979999999999,3,257.59436,0.14447,0.14786,0.07409,0.08457,0.12869,0.00069,0.01,125
26.44447,0.00023,7.92532,182.83485,37.54175,-0.0943900000000006,-2e-05,0.0942800000000004,-0.842459999999988,0.842300000000002,3,257.59436,0.14447,0.14786,0.07409,0.08457,0.12869,0.00069,0.01,126
26.35008,0.00021,8.0196,181.99239,38.38405,-0.0949599999999968,-1e-05,0.0948499999999992,-0.85184000000001,0.851659999999995,3,257.59436,0.14447,0.14786,0.07409,0.08457,0.12869,0.00069,0.01,127
26.25512,2e-04,8.11445,181.14055,39.23571,-0.0955300000000001,-2e-05,0.0953999999999997,-0.861239999999981,0.861070000000005,3,257.59436,0.14447,0.14786,0.07409,0.08457,0.12869,0.00069,0.01,128
26.15959,0.00018,8.20985,180.27931,40.09678,-0.0960800000000006,-1e-05,0.0959700000000012,-0.870689999999996,0.8705,3,257.59436,0.14447,0.14786,0.07409,0.08457,0.12869,0.00069,0.01,129
26.06351,0.00017,8.30582,179.40862,40.96728,-0.0966500000000003,-1e-05,0.0965099999999985,-0.880170000000021,0.87997,3,257.59436,0.14447,0.14786,0.07409,0.08457,0.12869,0.00069,0.01,130
25.96686,0.00016,8.40233,178.52845,41.84725,-0.0972000000000008,-2e-05,0.0970700000000004,-0.889669999999995,0.889479999999999,3,257.59436,0.14447,0.14786,0.07409,0.08457,0.12869,0.00069,0.01,131
25.86966,0.00014,8.4994,177.63878,42.73673,-0.0977500000000013,-1e-05,0.0976200000000009,-0.899219999999985,0.899000000000001,3,257.59436,0.14447,0.14786,0.07409,0.08457,0.12869,0.00069,0.01,132
25.77191,0.00013,8.59702,176.73956,43.63573,-0.0982899999999987,-9.99999999999999e-06,0.09816,-0.90879000000001,0.908569999999997,3,257.59436,0.14447,0.14786,0.07409,0.08457,0.12869,0.00069,0.01,133
25.67362,0.00012,8.69518,175.83077,44.5443,-0.0988399999999992,-1e-05,0.0986999999999991,-0.918389999999988,0.918170000000003,3,257.59436,0.14447,0.14786,0.07409,0.08457,0.12869,0.00069,0.01,134
25.57478,0.00011,8.79388,174.91238,45.46247,-0.09938,0,0.09924,-0.928030000000007,0.927779999999998,3,257.59436,0.14447,0.14786,0.07409,0.08457,0.12869,0.00069,0.01,135
25.4754,0.00011,8.89312,173.98435,46.39025,-0.0999200000000009,-1e-05,0.0997699999999995,-0.937669999999997,0.937429999999999,3,257.59436,0.14447,0.14786,0.07409,0.08457,0.12869,0.00069,0.01,136
25.37548,1e-04,8.99289,173.04668,47.32768,-0.100439999999999,-1e-05,0.100290000000001,-0.947370000000006,0.947099999999999,3,257.59436,0.14447,0.14786,0.07409,0.08457,0.12869,0.00069,0.01,137
25.27504,9e-05,9.09318,172.09931,48.27478,-0.10097,-1e-05,0.100820000000001,-0.957070000000016,0.956800000000001,3,257.59436,0.14447,0.14786,0.07409,0.08457,0.12869,0.00069,0.01,138
25.17407,8e-05,9.194,171.14224,49.23158,-0.101490000000002,0,0.101329999999999,-0.966799999999978,0.966519999999996,3,257.59436,0.14447,0.14786,0.07409,0.08457,0.12869,0.00069,0.01,139
25.07258,8e-05,9.29533,170.17544,50.1981,-0.101999999999997,-1e-05,0.101850000000001,-0.976550000000003,0.976260000000003,3,257.59436,0.14447,0.14786,0.07409,0.08457,0.12869,0.00069,0.01,140
24.97058,7e-05,9.39718,169.19889,51.17436,-0.102520000000002,0,0.102359999999999,-0.986330000000009,0.986020000000003,3,257.59436,0.14447,0.14786,0.07409,0.08457,0.12869,0.00069,0.01,141
24.86806,7e-05,9.49954,168.21256,52.16038,-0.103020000000001,-9.99999999999999e-06,0.10285,-0.996119999999991,0.995799999999996,3,257.59436,0.14447,0.14786,0.07409,0.08457,0.12869,0.00069,0.01,142
24.76504,6e-05,9.60239,167.21644,53.15618,-0.10352,0,0.10336,-1.00593000000001,1.00559,3,257.59436,0.14447,0.14786,0.07409,0.08457,0.12869,0.00069,0.01,143
24.66152,6e-05,9.70575,166.21051,54.16177,-0.104019999999998,-1e-05,0.10385,-1.01576,1.01541,3,257.59436,0.14447,0.14786,0.07409,0.08457,0.12869,0.00069,0.01,144
24.5575,5e-05,9.8096,165.19475,55.17718,-0.104510000000001,0,0.104330000000001,-1.0256,1.02524,3,257.59436,0.14447,0.14786,0.07409,0.08457,0.12869,0.00069,0.01,145
24.45299,5e-05,9.91393,164.16915,56.20242,-0.104990000000001,0,0.104809999999999,-1.03545,1.03507,3,257.59436,0.14447,0.14786,0.07409,0.08457,0.12869,0.00069,0.01,146
24.348,5e-05,10.01874,163.1337,57.23749,-0.10548,-1e-05,0.10529,-1.04531,1.04492,3,257.59436,0.14447,0.14786,0.07409,0.08457,0.12869,0.00069,0.01,147
24.24252,4e-05,10.12403,162.08839,58.28241,-0.10594,0,0.10576,-1.05519000000001,1.05478,3,257.59436,0.14447,0.14786,0.07409,0.08457,0.12869,0.00069,0.01,148
24.13658,4e-05,10.22979,161.0332,59.33719,-0.10641,0,0.10622,-1.06506999999999,1.06464,3,257.59436,0.14447,0.14786,0.07409,0.08457,0.12869,0.00069,0.01,149
24.03017,4e-05,10.33601,159.96813,60.40183,-0.106869999999997,-1e-05,0.106680000000001,-1.07495,1.07451,3,257.59436,0.14447,0.14786,0.07409,0.08457,0.12869,0.00069,0.01,150
23.9233,3e-05,10.44269,158.89318,61.47634,-0.107320000000001,0,0.10713,-1.08484999999999,1.08438,3,257.59436,0.14447,0.14786,0.07409,0.08457,0.12869,0.00069,0.01,151
23.81598,3e-05,10.54982,157.80833,62.56072,-0.107779999999998,0,0.107569999999999,-1.09474,1.09426,3,257.59436,0.14447,0.14786,0.07409,0.08457,0.12869,0.00069,0.01,152
23.7082,3e-05,10.65739,156.71359,63.65498,-0.108210000000003,0,0.10801,-1.10464000000002,1.10413,3,257.59436,0.14447,0.14786,0.07409,0.08457,0.12869,0.00069,0.01,153
23.59999,3e-05,10.7654,155.60895,64.75911,-0.108649999999997,-1e-05,0.10844,-1.11452,1.11399999999999,3,257.59436,0.14447,0.14786,0.07409,0.08457,0.12869,0.00069,0.01,154
23.49134,2e-05,10.87384,154.49443,65.87311,-0.109070000000003,0,0.108870000000001,-1.12441999999999,1.12387,3,257.59436,0.14447,0.14786,0.07409,0.08457,0.12869,0.00069,0.01,155
23.38227,2e-05,10.98271,153.37001,66.99698,-0.109499999999997,0,0.109279999999998,-1.13429000000002,1.13373,3,257.59436,0.14447,0.14786,0.07409,0.08457,0.12869,0.00069,0.01,156
23.27277,2e-05,11.09199,152.23572,68.13071,-0.109910000000003,0,0.109690000000001,-1.14416999999997,1.14357000000001,3,257.59436,0.14447,0.14786,0.07409,0.08457,0.12869,0.00069,0.01,157
23.16286,2e-05,11.20168,151.09155,69.27428,-0.110309999999998,0,0.11009,-1.15404000000001,1.15342,3,257.59436,0.14447,0.14786,0.07409,0.08457,0.12869,0.00069,0.01,158
23.05255,2e-05,11.31177,149.93751,70.4277,-0.110710000000001,0,0.11049,-1.16388000000001,1.16324,3,257.59436,0.14447,0.14786,0.07409,0.08457,0.12869,0.00069,0.01,159
22.94184,2e-05,11.42226,148.77363,71.59094,-0.11111,0,0.11088,-1.17372,1.17304,3,257.59436,0.14447,0.14786,0.07409,0.08457,0.12869,0.00069,0.01,160
22.83073,2e-05,11.53314,147.59991,72.76398,-0.11149,-1e-05,0.11125,-1.18352999999999,1.18284,3,257.59436,0.14447,0.14786,0.07409,0.08457,0.12869,0.00069,0.01,161
22.71924,1e-05,11.64439,146.41638,73.94682,-0.11186,0,0.11163,-1.19334000000001,1.1926,3,257.59436,0.14447,0.14786,0.07409,0.08457,0.12869,0.00069,0.01,162
22.60738,1e-05,11.75602,145.22304,75.13942,-0.11223,0,0.11199,-1.20310000000001,1.20235,3,257.59436,0.14447,0.14786,0.07409,0.08457,0.12869,0.00069,0.01,163
22.49515,1e-05,11.86801,144.01994,76.34177,-0.1126,0,0.112349999999999,-1.21285999999998,1.21207,3,257.59436,0.14447,0.14786,0.07409,0.08457,0.12869,0.00069,0.01,164
22.38255,1e-05,11.98036,142.80708,77.55384,-0.112939999999998,0,0.1127,-1.22258000000002,1.22175,3,257.59436,0.14447,0.14786,0.07409,0.08457,0.12869,0.00069,0.01,165
22.26961,1e-05,12.09306,141.5845,78.77559,-0.113289999999999,0,0.11303,-1.23226,1.23141000000001,3,257.59436,0.14447,0.14786,0.07409,0.08457,0.12869,0.00069,0.01,166
22.15632,1e-05,12.20609,140.35224,80.007,-0.113630000000001,0,0.11337,-1.24193,1.24102999999999,3,257.59436,0.14447,0.14786,0.07409,0.08457,0.12869,0.00069,0.01,167
22.04269,1e-05,12.31946,139.11031,81.24803,-0.113949999999999,0,0.11369,-1.25154000000001,1.25060999999999,3,257.59436,0.14447,0.14786,0.07409,0.08457,0.12869,0.00069,0.01,168
21.92874,1e-05,12.43315,137.85877,82.49864,-0.114270000000001,0,0.11401,-1.26112000000001,1.26015000000001,3,257.59436,0.14447,0.14786,0.07409,0.08457,0.12869,0.00069,0.01,169
21.81447,1e-05,12.54716,136.59765,83.75879,-0.11458,0,0.11431,-1.27065999999999,1.26965,3,257.59436,0.14447,0.14786,0.07409,0.08457,0.12869,0.00069,0.01,170
21.69989,1e-05,12.66147,135.32699,85.02844,-0.114889999999999,0,0.114610000000001,-1.28014999999999,1.27909,3,257.59436,0.14447,0.14786,0.07409,0.08457,0.12869,0.00069,0.01,171
21.585,1e-05,12.77608,134.04684,86.30753,-0.115180000000002,0,0.1149,-1.28958,1.28849,3,257.59436,0.14447,0.14786,0.07409,0.08457,0.12869,0.00069,0.01,172
21.46982,1e-05,12.89098,132.75726,87.59602,-0.115459999999999,0,0.115179999999999,-1.29898,1.29783,3,257.59436,0.14447,0.14786,0.07409,0.08457,0.12869,0.00069,0.01,173
21.35436,1e-05,13.00616,131.45828,88.89385,-0.115729999999999,0,0.115450000000001,-1.3083,1.30712,3,257.59436,0.14447,0.14786,0.07409,0.08457,0.12869,0.00069,0.01,174
21.23863,1e-05,13.12161,130.14998,90.20097,-0.116,-1e-05,0.11571,-1.31757999999999,1.31633000000001,3,257.59436,0.14447,0.14786,0.07409,0.08457,0.12869,0.00069,0.01,175
21.12263,0,13.23732,128.8324,91.5173,-0.11626,0,0.115959999999999,-1.32678000000001,1.32548999999999,3,257.59436,0.14447,0.14786,0.07409,0.08457,0.12869,0.00069,0.01,176
21.00637,0,13.35328,127.50562,92.84279,-0.116510000000002,0,0.116200000000001,-1.33591999999999,1.33456000000001,3,257.59436,0.14447,0.14786,0.07409,0.08457,0.12869,0.00069,0.01,177
20.88986,0,13.46948,126.1697,94.17735,-0.11674,0,0.116439999999999,-1.34498000000001,1.34358,3,257.59436,0.14447,0.14786,0.07409,0.08457,0.12869,0.00069,0.01,178
20.77312,0,13.58592,124.82472,95.52093,-0.116969999999998,0,0.116670000000001,-1.35397999999999,1.35251,3,257.59436,0.14447,0.14786,0.07409,0.08457,0.12869,0.00069,0.01,179
20.65615,0,13.70259,123.47074,96.87344,-0.1172,0,0.116869999999999,-1.36288,1.36135,3,257.59436,0.14447,0.14786,0.07409,0.08457,0.12869,0.00069,0.01,180
20.53895,0,13.81946,122.10786,98.23479,-0.1174,0,0.117090000000001,-1.3717,1.37011,3,257.59436,0.14447,0.14786,0.07409,0.08457,0.12869,0.00069,0.01,181
20.42155,0,13.93655,120.73616,99.6049,-0.117599999999999,0,0.117279999999999,-1.38043999999999,1.37877,3,257.59436,0.14447,0.14786,0.07409,0.08457,0.12869,0.00069,0.01,182
20.30395,0,14.05383,119.35572,100.98367,-0.117789999999999,0,0.117460000000001,-1.38907,1.38733999999999,3,257.59436,0.14447,0.14786,0.07409,0.08457,0.12869,0.00069,0.01,183
20.18616,0,14.17129,117.96665,102.37101,-0.11797,0,0.11764,-1.39762,1.39581,3,257.59436,0.14447,0.14786,0.07409,0.08457,0.12869,0.00069,0.01,184
20.06819,0,14.28893,116.56903,103.76682,-0.11815,0,0.117809999999999,-1.40604,1.40416,3,257.59436,0.14447,0.14786,0.07409,0.08457,0.12869,0.00069,0.01,185
19.95004,0,14.40674,115.16299,105.17098,-0.118300000000001,0,0.11796,-1.41437999999999,1.41240000000001,3,257.59436,0.14447,0.14786,0.07409,0.08457,0.12869,0.00069,0.01,186
19.83174,0,14.5247,113.74861,106.58338,-0.118459999999999,0,0.118110000000001,-1.42256999999999,1.42053,3,257.59436,0.14447,0.14786,0.07409,0.08457,0.12869,0.00069,0.01,187
19.71328,0,14.64281,112.32604,108.00391,-0.118590000000001,0,0.118239999999998,-1.43067000000001,1.42852999999999,3,257.59436,0.14447,0.14786,0.07409,0.08457,0.12869,0.00069,0.01,188
19.59469,0,14.76105,110.89537,109.43244,-0.118729999999999,0,0.118370000000001,-1.43863,1.43639,3,257.59436,0.14447,0.14786,0.07409,0.08457,0.12869,0.00069,0.01,189
19.47596,0,14.87942,109.45674,110.86883,-0.118850000000002,0,0.11849,-1.44645,1.44412,3,257.59436,0.14447,0.14786,0.07409,0.08457,0.12869,0.00069,0.01,190
19.35711,0,14.99791,108.01029,112.31295,-0.118959999999998,0,0.118590000000001,-1.45414,1.45171000000001,3,257.59436,0.14447,0.14786,0.07409,0.08457,0.12869,0.00069,0.01,191
19.23815,0,15.1165,106.55615,113.76466,-0.119060000000001,0,0.118689999999999,-1.46168,1.45913999999999,3,257.59436,0.14447,0.14786,0.07409,0.08457,0.12869,0.00069,0.01,192
19.11909,0,15.23519,105.09447,115.2238,-0.119150000000001,0,0.118780000000001,-1.46907,1.46642,3,257.59436,0.14447,0.14786,0.07409,0.08457,0.12869,0.00069,0.01,193
18.99994,0,15.35397,103.6254,116.69022,-0.119229999999998,0,0.118840000000001,-1.47629000000001,1.47352000000001,3,257.59436,0.14447,0.14786,0.07409,0.08457,0.12869,0.00069,0.01,194
18.88071,0,15.47281,102.14911,118.16374,-0.119299999999999,0,0.118919999999999,-1.48334999999999,1.48047,3,257.59436,0.14447,0.14786,0.07409,0.08457,0.12869,0.00069,0.01,195
18.76141,0,15.59173,100.66576,119.64421,-0.11936,0,0.118969999999999,-1.49023000000001,1.48721,3,257.59436,0.14447,0.14786,0.07409,0.08457,0.12869,0.00069,0.01,196
18.64205,0,15.7107,99.17553,121.13142,-0.119400000000002,0,0.119010000000001,-1.49692999999999,1.49378,3,257.59436,0.14447,0.14786,0.07409,0.08457,0.12869,0.00069,0.01,197
18.52265,0,15.82971,97.6786,122.6252,-0.119450000000001,0,0.11905,-1.50344,1.50014999999999,3,257.59436,0.14447,0.14786,0.07409,0.08457,0.12869,0.00069,0.01,198
18.4032,0,15.94876,96.17516,124.12535,-0.119479999999999,0,0.119070000000001,-1.50975000000001,1.5063,3,257.59436,0.14447,0.14786,0.07409,0.08457,0.12869,0.00069,0.01,199
18.28372,0,16.06783,94.66541,125.63165,-0.119489999999999,0,0.11908,-1.51582999999999,1.51225000000001,3,257.59436,0.14447,0.14786,0.07409,0.08457,0.12869,0.00069,0.01,200
18.16423,0,16.18691,93.14958,127.1439,-0.119499999999999,0,0.11909,-1.52171,1.51794999999998,3,257.59436,0.14447,0.14786,0.07409,0.08457,0.12869,0.00069,0.01,201
18.04473,0,16.306,91.62787,128.66185,-0.119500000000002,0,0.119070000000001,-1.52736,1.52343000000002,3,257.59436,0.14447,0.14786,0.07409,0.08457,0.12869,0.00069,0.01,202
17.92523,0,16.42507,90.10051,130.18528,-0.119479999999999,0,0.119059999999998,-1.53276,1.52866,3,257.59436,0.14447,0.14786,0.07409,0.08457,0.12869,0.00069,0.01,203
17.80575,0,16.54413,88.56775,131.71394,-0.11947,0,0.119040000000002,-1.53792,1.53361999999998,3,257.59436,0.14447,0.14786,0.07409,0.08457,0.12869,0.00069,0.01,204
17.68628,0,16.66317,87.02983,133.24756,-0.119420000000002,0,0.11899,-1.5428,1.53832,3,257.59436,0.14447,0.14786,0.07409,0.08457,0.12869,0.00069,0.01,205
17.56686,0,16.78216,85.48703,134.78588,-0.119389999999999,0,0.118939999999998,-1.54742,1.54272,3,257.59436,0.14447,0.14786,0.07409,0.08457,0.12869,0.00069,0.01,206
17.44747,0,16.9011,83.93961,136.3286,-0.119329999999998,0,0.11889,-1.55174,1.54684,3,257.59436,0.14447,0.14786,0.07409,0.08457,0.12869,0.00069,0.01,207
17.32814,0,17.01999,82.38787,137.87544,-0.119260000000001,0,0.11881,-1.55578000000001,1.55063000000001,3,257.59436,0.14447,0.14786,0.07409,0.08457,0.12869,0.00069,0.01,208
17.20888,0,17.1388,80.83209,139.42607,-0.11919,0,0.118739999999999,-1.55949,1.55410999999998,3,257.59436,0.14447,0.14786,0.07409,0.08457,0.12869,0.00069,0.01,209
17.08969,0,17.25754,79.2726,140.98018,-0.119109999999999,0,0.118650000000002,-1.56287,1.55724000000001,3,257.59436,0.14447,0.14786,0.07409,0.08457,0.12869,0.00069,0.01,210
16.97058,0,17.37619,77.70973,142.53742,-0.119000000000003,0,0.118539999999999,-1.56590999999999,1.56002000000001,3,257.59436,0.14447,0.14786,0.07409,0.08457,0.12869,0.00069,0.01,211
16.85158,0,17.49473,76.14382,144.09744,-0.11891,0,0.11843,-1.56859,1.56242,3,257.59436,0.14447,0.14786,0.07409,0.08457,0.12869,0.00069,0.01,212
16.73267,0,17.61316,74.57523,145.65986,-0.118779999999997,0,0.118320000000001,-1.57090000000001,1.56442999999999,3,257.59436,0.14447,0.14786,0.07409,0.08457,0.12869,0.00069,0.01,213
16.61389,0,17.73148,73.00433,147.22429,-0.118660000000002,0,0.118179999999999,-1.57280999999999,1.56604000000002,3,257.59436,0.14447,0.14786,0.07409,0.08457,0.12869,0.00069,0.01,214
16.49523,0,17.84966,71.43152,148.79033,-0.11853,0,0.118040000000001,-1.57432,1.56720999999999,3,257.59436,0.14447,0.14786,0.07409,0.08457,0.12869,0.00069,0.01,215
16.3767,0,17.9677,69.8572,150.35754,-0.118379999999998,0,0.117889999999999,-1.57538000000001,1.56793999999999,3,257.59436,0.14447,0.14786,0.07409,0.08457,0.12869,0.00069,0.01,216
16.25832,0,18.08559,68.28182,151.92548,-0.118220000000001,0,0.117730000000002,-1.57599999999999,1.56820999999999,3,257.59436,0.14447,0.14786,0.07409,0.08457,0.12869,0.00069,0.01,217
16.1401,0,18.20332,66.70582,153.49369,-0.11805,0,0.117559999999997,-1.57615,1.56797,3,257.59436,0.14447,0.14786,0.07409,0.08457,0.12869,0.00069,0.01,218
16.02205,0,18.32088,65.12967,155.06166,-0.11788,0,0.117380000000001,-1.5758,1.56722000000002,3,257.59436,0.14447,0.14786,0.07409,0.08457,0.12869,0.00069,0.01,219
15.90417,0,18.43826,63.55387,156.62888,-0.117700000000001,0,0.117180000000001,-1.57493,1.56594999999999,3,257.59436,0.14447,0.14786,0.07409,0.08457,0.12869,0.00069,0.01,220
15.78647,0,18.55544,61.97894,158.19483,-0.11749,0,0.116989999999998,-1.57353,1.5641,3,257.59436,0.14447,0.14786,0.07409,0.08457,0.12869,0.00069,0.01,221
15.66898,0,18.67243,60.40541,159.75893,-0.1173,0,0.116780000000002,-1.57156000000001,1.56166000000002,3,257.59436,0.14447,0.14786,0.07409,0.08457,0.12869,0.00069,0.01,222
15.55168,0,18.78921,58.83385,161.32059,-0.11707,0,0.11655,-1.569,1.55860999999999,3,257.59436,0.14447,0.14786,0.07409,0.08457,0.12869,0.00069,0.01,223
15.43461,0,18.90576,57.26485,162.8792,-0.116849999999999,0,0.116329999999998,-1.5658,1.5549,3,257.59436,0.14447,0.14786,0.07409,0.08457,0.12869,0.00069,0.01,224
15.31776,0,19.02209,55.69905,164.4341,-0.116619999999999,0,0.11609,-1.56197,1.55053000000001,3,257.59436,0.14447,0.14786,0.07409,0.08457,0.12869,0.00069,0.01,225
15.20114,0,19.13818,54.13708,165.98463,-0.116380000000001,0,0.115840000000002,-1.55746,1.54544999999999,3,257.59436,0.14447,0.14786,0.07409,0.08457,0.12869,0.00069,0.01,226
15.08476,0,19.25402,52.57962,167.53008,-0.116119999999999,0,0.115579999999998,-1.55222,1.53961000000001,3,257.59436,0.14447,0.14786,0.07409,0.08457,0.12869,0.00069,0.01,227
14.96864,0,19.3696,51.0274,169.06969,-0.115860000000001,0,0.115320000000001,-1.54625,1.53300999999999,3,257.59436,0.14447,0.14786,0.07409,0.08457,0.12869,0.00069,0.01,228
14.85278,0,19.48492,49.48115,170.6027,-0.11558,0,0.11504,-1.53949,1.5256,3,257.59436,0.14447,0.14786,0.07409,0.08457,0.12869,0.00069,0.01,229
14.7372,0,19.59996,47.94166,172.1283,-0.115309999999999,0,0.11476,-1.53193,1.51733000000002,3,257.59436,0.14447,0.14786,0.07409,0.08457,0.12869,0.00069,0.01,230
14.62189,0,19.71472,46.40973,173.64563,-0.115020000000001,0,0.114460000000001,-1.52350000000001,1.50816999999998,3,257.59436,0.14447,0.14786,0.07409,0.08457,0.12869,0.00069,0.01,231
14.50687,0,19.82918,44.88623,175.1538,-0.114719999999998,0,0.114159999999998,-1.51419,1.49810000000002,3,257.59436,0.14447,0.14786,0.07409,0.08457,0.12869,0.00069,0.01,232
14.39215,0,19.94334,43.37204,176.6519,-0.114410000000001,0,0.113849999999999,-1.50394,1.48705999999999,3,257.59436,0.14447,0.14786,0.07409,0.08457,0.12869,0.00069,0.01,233
14.27774,0,20.05719,41.8681,178.13896,-0.114100000000001,0,0.113530000000001,-1.49274,1.47501,3,257.59436,0.14447,0.14786,0.07409,0.08457,0.12869,0.00069,0.01,234
14.16364,0,20.17072,40.37536,179.61397,-0.113769999999999,0,0.113199999999999,-1.48052,1.46190000000001,3,257.59436,0.14447,0.14786,0.07409,0.08457,0.12869,0.00069,0.01,235
14.04987,0,20.28392,38.89484,181.07587,-0.113440000000001,0,0.112870000000001,-1.46724,1.44772999999998,3,257.59436,0.14447,0.14786,0.07409,0.08457,0.12869,0.00069,0.01,236
13.93643,0,20.39679,37.4276,182.5236,-0.113099999999999,0,0.11252,-1.45288,1.4324,3,257.59436,0.14447,0.14786,0.07409,0.08457,0.12869,0.00069,0.01,237
13.82333,0,20.50931,35.97472,183.956,-0.11275,0,0.112159999999999,-1.43738,1.41591000000003,3,257.59436,0.14447,0.14786,0.07409,0.08457,0.12869,0.00069,0.01,238
13.71058,0,20.62147,34.53734,185.37191,-0.11239,0,0.111810000000002,-1.42071,1.39819999999997,3,257.59436,0.14447,0.14786,0.07409,0.08457,0.12869,0.00069,0.01,239
13.59819,0,20.73328,33.11663,186.77011,-0.112020000000001,0,0.111429999999999,-1.40282,1.37925000000001,3,257.59436,0.14447,0.14786,0.07409,0.08457,0.12869,0.00069,0.01,240
13.48617,0,20.84471,31.71381,188.14936,-0.111649999999999,0,0.111060000000002,-1.38367,1.35901000000001,3,257.59436,0.14447,0.14786,0.07409,0.08457,0.12869,0.00069,0.01,241
13.37452,0,20.95577,30.33014,189.50837,-0.111270000000001,0,0.110669999999999,-1.36325,1.33744999999999,3,257.59436,0.14447,0.14786,0.07409,0.08457,0.12869,0.00069,0.01,242
13.26325,0,21.06644,28.96689,190.84582,-0.11088,0,0.110279999999999,-1.34149,1.31452999999999,3,257.59436,0.14447,0.14786,0.07409,0.08457,0.12869,0.00069,0.01,243
13.15237,0,21.17672,27.6254,192.16035,-0.110479999999999,0,0.10988,-1.31838,1.29024000000001,3,257.59436,0.14447,0.14786,0.07409,0.08457,0.12869,0.00069,0.01,244
13.04189,0,21.2866,26.30702,193.45059,-0.11008,0,0.109470000000002,-1.2939,1.26455999999999,3,257.59436,0.14447,0.14786,0.07409,0.08457,0.12869,0.00069,0.01,245
12.93181,0,21.39607,25.01312,194.71515,-0.109670000000001,0,0.109059999999999,-1.26803,1.23748000000001,3,257.59436,0.14447,0.14786,0.07409,0.08457,0.12869,0.00069,0.01,246
12.82214,0,21.50513,23.74509,195.95263,-0.109249999999999,0,0.108639999999998,-1.24075,1.20899,3,257.59436,0.14447,0.14786,0.07409,0.08457,0.12869,0.00069,0.01,247
12.71289,0,21.61377,22.50434,197.16162,-0.10882,0,0.1082,-1.21207,1.17910000000001,3,257.59436,0.14447,0.14786,0.07409,0.08457,0.12869,0.00069,0.01,248
12.60407,0,21.72197,21.29227,198.34072,-0.10839,0,0.107770000000002,-1.18199,1.14784,3,257.59436,0.14447,0.14786,0.07409,0.08457,0.12869,0.00069,0.01,249
12.49568,0,21.82974,20.11028,199.48856,-0.107950000000001,0,0.107329999999997,-1.15053,1.11523,3,257.59436,0.14447,0.14786,0.07409,0.08457,0.12869,0.00069,0.01,250
12.38773,0,21.93707,18.95975,200.60379,-0.1075,0,0.10688,-1.11774,1.08132000000001,3,257.59436,0.14447,0.14786,0.07409,0.08457,0.12869,0.00069,0.01,251
12.28023,0,22.04395,17.84201,201.68511,-0.107049999999999,0,0.10642,-1.08366,1.04617999999999,3,257.59436,0.14447,0.14786,0.07409,0.08457,0.12869,0.00069,0.01,252
12.17318,0,22.15037,16.75835,202.73129,-0.106590000000001,0,0.10596,-1.04833,1.00989000000001,3,257.59436,0.14447,0.14786,0.07409,0.08457,0.12869,0.00069,0.01,253
12.06659,0,22.25633,15.71002,203.74118,-0.10613,0,0.105500000000003,-1.01186,0.972539999999981,3,257.59436,0.14447,0.14786,0.07409,0.08457,0.12869,0.00069,0.01,254
11.96046,0,22.36183,14.69816,204.71372,-0.105649999999999,0,0.10501,-0.974349999999999,0.934249999999992,3,257.59436,0.14447,0.14786,0.07409,0.08457,0.12869,0.00069,0.01,255
11.85481,0,22.46684,13.72381,205.64797,-0.105180000000001,0,0.10454,-0.935890000000001,0.895150000000001,3,257.59436,0.14447,0.14786,0.07409,0.08457,0.12869,0.00069,0.01,256
11.74963,0,22.57138,12.78792,206.54312,-0.10469,0,0.104049999999997,-0.89664,0.855400000000003,3,257.59436,0.14447,0.14786,0.07409,0.08457,0.12869,0.00069,0.01,257
11.64494,0,22.67543,11.89128,207.39852,-0.104200000000001,0,0.103560000000002,-0.85674,0.815150000000017,3,257.59436,0.14447,0.14786,0.07409,0.08457,0.12869,0.00069,0.01,258
11.54074,0,22.77899,11.03454,208.21367,-0.10371,0,0.103069999999999,-0.81635,0.774609999999996,3,257.59436,0.14447,0.14786,0.07409,0.08457,0.12869,0.00069,0.01,259
11.43703,0,22.88206,10.21819,208.98828,-0.103199999999999,0,0.10256,-0.775679999999999,0.733929999999987,3,257.59436,0.14447,0.14786,0.07409,0.08457,0.12869,0.00069,0.01,260
11.33383,0,22.98462,9.44251,209.72221,-0.1027,0,0.102050000000002,-0.73488,0.693360000000013,3,257.59436,0.14447,0.14786,0.07409,0.08457,0.12869,0.00069,0.01,261
11.23113,0,23.08667,8.70763,210.41557,-0.10219,0,0.10154,-0.694179999999999,0.653050000000007,3,257.59436,0.14447,0.14786,0.07409,0.08457,0.12869,0.00069,0.01,262
11.12894,0,23.18821,8.01345,211.06862,-0.10167,0,0.101019999999998,-0.653790000000001,0.613259999999997,3,257.59436,0.14447,0.14786,0.07409,0.08457,0.12869,0.00069,0.01,263
11.02727,0,23.28923,7.35966,211.68188,-0.10116,0,0.100490000000001,-0.61389,0.57414,3,257.59436,0.14447,0.14786,0.07409,0.08457,0.12869,0.00069,0.01,264
10.92611,0,23.38972,6.74577,212.25602,-0.100619999999999,0,0.099969999999999,-0.57469,0.535920000000004,3,257.59436,0.14447,0.14786,0.07409,0.08457,0.12869,0.00069,0.01,265
10.82549,0,23.48969,6.17108,212.79194,-0.100099999999999,0,0.0994400000000013,-0.53639,0.498750000000001,3,257.59436,0.14447,0.14786,0.07409,0.08457,0.12869,0.00069,0.01,266
10.72539,0,23.58913,5.63469,213.29069,-0.0995600000000003,0,0.0989000000000004,-0.49915,0.462819999999994,3,257.59436,0.14447,0.14786,0.07409,0.08457,0.12869,0.00069,0.01,267
10.62583,0,23.68803,5.13554,213.75351,-0.0990200000000012,0,0.0983599999999996,-0.463159999999999,0.428249999999991,3,257.59436,0.14447,0.14786,0.07409,0.08457,0.12869,0.00069,0.01,268
10.52681,0,23.78639,4.67238,214.18176,-0.0984699999999989,0,0.0978199999999987,-0.42853,0.395160000000004,3,257.59436,0.14447,0.14786,0.07409,0.08457,0.12869,0.00069,0.01,269
10.42834,0,23.88421,4.24385,214.57692,-0.0979299999999999,0,0.0972700000000017,-0.39541,0.363650000000007,3,257.59436,0.14447,0.14786,0.07409,0.08457,0.12869,0.00069,0.01,270
10.33041,0,23.98148,3.84844,214.94057,-0.0973800000000011,0,0.0967099999999981,-0.36385,0.33381,3,257.59436,0.14447,0.14786,0.07409,0.08457,0.12869,0.00069,0.01,271
10.23303,0,24.07819,3.48459,215.27438,-0.0968199999999992,0,0.0961600000000011,-0.33398,0.305649999999986,3,257.59436,0.14447,0.14786,0.07409,0.08457,0.12869,0.00069,0.01,272
10.13621,0,24.17435,3.15061,215.58003,-0.0962600000000009,0,0.0955899999999978,-0.30579,0.279230000000013,3,257.59436,0.14447,0.14786,0.07409,0.08457,0.12869,0.00069,0.01,273
10.03995,0,24.26994,2.84482,215.85926,-0.095699999999999,0,0.0950400000000009,-0.27935,0.254529999999988,3,257.59436,0.14447,0.14786,0.07409,0.08457,0.12869,0.00069,0.01,274
9.94425,0,24.36498,2.56547,216.11379,-0.0951400000000007,0,0.0944600000000015,-0.25462,0.231529999999992,3,257.59436,0.14447,0.14786,0.07409,0.08457,0.12869,0.00069,0.01,275
9.84911,0,24.45944,2.31085,216.34532,-0.0945599999999995,0,0.0938999999999979,-0.2316,0.210200000000015,3,257.59436,0.14447,0.14786,0.07409,0.08457,0.12869,0.00069,0.01,276
9.75455,0,24.55334,2.07925,216.55552,-0.0939899999999998,0,0.0933300000000017,-0.21027,0.190509999999989,3,257.59436,0.14447,0.14786,0.07409,0.08457,0.12869,0.00069,0.01,277
9.66056,0,24.64667,1.86898,216.74603,-0.0934200000000001,0,0.0927399999999992,-0.19055,0.172359999999998,3,257.59436,0.14447,0.14786,0.07409,0.08457,0.12869,0.00069,0.01,278
9.56714,0,24.73941,1.67843,216.91839,-0.0928400000000007,0,0.0921699999999994,-0.17241,0.155700000000024,3,257.59436,0.14447,0.14786,0.07409,0.08457,0.12869,0.00069,0.01,279
9.4743,0,24.83158,1.50602,217.07409,-0.0922499999999999,0,0.0915900000000001,-0.15573,0.14045999999999,3,257.59436,0.14447,0.14786,0.07409,0.08457,0.12869,0.00069,0.01,280
9.38205,0,24.92317,1.35029,217.21455,-0.0916800000000002,0,0.0910100000000007,-0.14049,0.126550000000009,3,257.59436,0.14447,0.14786,0.07409,0.08457,0.12869,0.00069,0.01,281
9.29037,0,25.01418,1.2098,217.3411,-0.0910899999999994,0,0.0904100000000021,-0.12657,0.113869999999991,3,257.59436,0.14447,0.14786,0.07409,0.08457,0.12869,0.00069,0.01,282
9.19928,0,25.10459,1.08323,217.45497,-0.0905000000000005,0,0.0898299999999992,-0.11388,0.102360000000004,3,257.59436,0.14447,0.14786,0.07409,0.08457,0.12869,0.00069,0.01,283
9.10878,0,25.19442,0.96935,217.55733,-0.0899099999999997,0,0.0892400000000002,-0.10238,0.0919199999999876,3,257.59436,0.14447,0.14786,0.07409,0.08457,0.12869,0.00069,0.01,284
9.01887,0,25.28366,0.86697,217.64925,-0.0893099999999993,0,0.0886499999999977,-0.0919300000000001,0.0824700000000007,3,257.59436,0.14447,0.14786,0.07409,0.08457,0.12869,0.00069,0.01,285
8.92956,0,25.37231,0.77504,217.73172,-0.0887200000000004,0,0.0880500000000026,-0.08248,0.0739300000000185,3,257.59436,0.14447,0.14786,0.07409,0.08457,0.12869,0.00069,0.01,286
8.84084,0,25.46036,0.69256,217.80565,-0.0881299999999996,0,0.0874600000000001,-0.07394,0.0662399999999934,3,257.59436,0.14447,0.14786,0.07409,0.08457,0.12869,0.00069,0.01,287
8.75271,0,25.54782,0.61862,217.87189,-0.087530000000001,0,0.0868599999999979,-0.06624,0.0592900000000043,3,257.59436,0.14447,0.14786,0.07409,0.08457,0.12869,0.00069,0.01,288
8.66518,0,25.63468,0.55238,217.93118,-0.0869299999999988,0,0.0862599999999993,-0.0593,0.0530599999999879,3,257.59436,0.14447,0.14786,0.07409,0.08457,0.12869,0.00069,0.01,289
8.57825,0,25.72094,0.49308,217.98424,-0.0863300000000002,0,0.0856600000000007,-0.05305,0.0474399999999946,3,257.59436,0.14447,0.14786,0.07409,0.08457,0.12869,0.00069,0.01,290
8.49192,0,25.8066,0.44003,218.03168,-0.0857200000000002,0,0.0850600000000021,-0.04745,0.042410000000018,3,257.59436,0.14447,0.14786,0.07409,0.08457,0.12869,0.00069,0.01,291
8.4062,0,25.89166,0.39258,218.07409,-0.0851299999999995,0,0.08446,-0.04241,0.037889999999976,3,257.59436,0.14447,0.14786,0.07409,0.08457,0.12869,0.00069,0.01,292
8.32107,0,25.97612,0.35017,218.11198,-0.0845200000000013,0,0.0838499999999982,-0.03789,0.0338300000000231,3,257.59436,0.14447,0.14786,0.07409,0.08457,0.12869,0.00069,0.01,293
8.23655,0,26.05997,0.31228,218.14581,-0.0839099999999995,0,0.0832499999999996,-0.03384,0.0302199999999857,3,257.59436,0.14447,0.14786,0.07409,0.08457,0.12869,0.00069,0.01,294
8.15264,0,26.14322,0.27844,218.17603,-0.0833099999999991,0,0.0826400000000014,-0.03021,0.0269600000000025,3,257.59436,0.14447,0.14786,0.07409,0.08457,0.12869,0.00069,0.01,295
8.06933,0,26.22586,0.24823,218.20299,-0.0827000000000009,0,0.0820399999999992,-0.02697,0.0240599999999915,3,257.59436,0.14447,0.14786,0.07409,0.08457,0.12869,0.00069,0.01,296
7.98663,0,26.3079,0.22126,218.22705,-0.08209,0,0.081430000000001,-0.02406,0.0214700000000221,3,257.59436,0.14447,0.14786,0.07409,0.08457,0.12869,0.00069,0.01,297
7.90454,0,26.38933,0.1972,218.24852,-0.0814899999999996,0,0.0808299999999988,-0.02146,0.0191399999999931,3,257.59436,0.14447,0.14786,0.07409,0.08457,0.12869,0.00069,0.01,298
7.82305,0,26.47016,0.17574,218.26766,-0.0808800000000005,0,0.0802200000000006,-0.01915,0.0170699999999897,3,257.59436,0.14447,0.14786,0.07409,0.08457,0.12869,0.00069,0.01,299
7.74217,0,26.55038,0.15659,218.28473,-0.0802699999999996,0,0.0796099999999988,-0.01707,0.0152199999999993,3,257.59436,0.14447,0.14786,0.07409,0.08457,0.12869,0.00069,0.01,300
7.6619,0,26.62999,0.13952,218.29995,-0.0796600000000005,0,0.0790100000000002,-0.01522,0.0135700000000156,3,257.59436,0.14447,0.14786,0.07409,0.08457,0.12869,0.00069,0.01,301
7.58224,0,26.709,0.1243,218.31352,-0.0790499999999996,0,0.0783899999999988,-0.01357,0.0120900000000006,3,257.59436,0.14447,0.14786,0.07409,0.08457,0.12869,0.00069,0.01,302
7.50319,0,26.78739,0.11073,218.32561,-0.0784500000000001,0,0.0777900000000002,-0.01209,0.0107799999999827,3,257.59436,0.14447,0.14786,0.07409,0.08457,0.12869,0.00069,0.01,303
7.42474,0,26.86518,0.09864,218.33639,-0.0778400000000001,0,0.0771900000000016,-0.01078,0.00960000000000605,3,257.59436,0.14447,0.14786,0.07409,0.08457,0.12869,0.00069,0.01,304
7.3469,0,26.94237,0.08786,218.34599,-0.0772199999999996,0,0.0765799999999999,-0.0096,0.00855999999998858,3,257.59436,0.14447,0.14786,0.07409,0.08457,0.12869,0.00069,0.01,305
7.26968,0,27.01895,0.07826,218.35455,-0.0766299999999998,0,0.0759699999999981,-0.00856,0.00762000000000285,3,257.59436,0.14447,0.14786,0.07409,0.08457,0.12869,0.00069,0.01,306
7.19305,0,27.09492,0.0697,218.36217,-0.0760100000000001,0,0.075370000000003,-0.00761999999999999,0.00679999999999836,3,257.59436,0.14447,0.14786,0.07409,0.08457,0.12869,0.00069,0.01,307
7.11704,0,27.17029,0.06208,218.36897,-0.0754100000000006,0,0.0747599999999977,-0.00679,0.0060500000000161,3,257.59436,0.14447,0.14786,0.07409,0.08457,0.12869,0.00069,0.01,308
7.04163,0,27.24505,0.05529,218.37502,-0.0747999999999998,0,0.0741600000000027,-0.00605,0.00539000000000556,3,257.59436,0.14447,0.14786,0.07409,0.08457,0.12869,0.00069,0.01,309
6.96683,0,27.31921,0.04924,218.38041,-0.0742000000000003,0,0.073559999999997,-0.00539,0.00479999999998881,3,257.59436,0.14447,0.14786,0.07409,0.08457,0.12869,0.00069,0.01,310
6.89263,0,27.39277,0.04385,218.38521,-0.0735899999999994,0,0.0729500000000023,-0.0048,0.00426999999999111,3,257.59436,0.14447,0.14786,0.07409,0.08457,0.12869,0.00069,0.01,311
6.81904,0,27.46572,0.03905,218.38948,-0.0729899999999999,0,0.0723599999999998,-0.00428,0.00381000000001563,3,257.59436,0.14447,0.14786,0.07409,0.08457,0.12869,0.00069,0.01,312
6.74605,0,27.53808,0.03477,218.39329,-0.0723900000000004,0,0.071749999999998,-0.00381,0.00338999999999601,3,257.59436,0.14447,0.14786,0.07409,0.08457,0.12869,0.00069,0.01,313
6.67366,0,27.60983,0.03096,218.39668,-0.07179,0,0.0711500000000029,-0.00339,0.00301999999999225,3,257.59436,0.14447,0.14786,0.07409,0.08457,0.12869,0.00069,0.01,314
6.60187,0,27.68098,0.02757,218.3997,-0.0711899999999996,0,0.0705599999999968,-0.00302,0.00269000000000119,3,257.59436,0.14447,0.14786,0.07409,0.08457,0.12869,0.00069,0.01,315
6.53068,0,27.75154,0.02455,218.40239,-0.0705900000000002,0,0.0699600000000018,-0.00269,0.00239999999999441,3,257.59436,0.14447,0.14786,0.07409,0.08457,0.12869,0.00069,0.01,316
6.46009,0,27.8215,0.02186,218.40479,-0.0699899999999998,0,0.0693699999999993,-0.00239,0.00213000000002239,3,257.59436,0.14447,0.14786,0.07409,0.08457,0.12869,0.00069,0.01,317
6.3901,0,27.89087,0.01947,218.40692,-0.0693999999999999,0,0.0687700000000007,-0.00214,0.00189999999997781,3,257.59436,0.14447,0.14786,0.07409,0.08457,0.12869,0.00069,0.01,318
6.3207,0,27.95964,0.01733,218.40882,-0.0688000000000004,0,0.0681900000000013,-0.0019,0.00168999999999642,3,257.59436,0.14447,0.14786,0.07409,0.08457,0.12869,0.00069,0.01,319
6.2519,0,28.02783,0.01543,218.41051,-0.0682099999999997,0,0.0675899999999992,-0.00169,0.00151000000002455,3,257.59436,0.14447,0.14786,0.07409,0.08457,0.12869,0.00069,0.01,320
6.18369,0,28.09542,0.01374,218.41202,-0.0676200000000007,0,0.0670099999999998,-0.0015,0.00133999999999901,3,257.59436,0.14447,0.14786,0.07409,0.08457,0.12869,0.00069,0.01,321
6.11607,0,28.16243,0.01224,218.41336,-0.0670399999999995,0,0.0664100000000012,-0.00135,0.00118999999997982,3,257.59436,0.14447,0.14786,0.07409,0.08457,0.12869,0.00069,0.01,322
6.04903,0,28.22884,0.01089,218.41455,-0.0664400000000001,0,0.0658399999999979,-0.00119,0.0010599999999954,3,257.59436,0.14447,0.14786,0.07409,0.08457,0.12869,0.00069,0.01,323
