"S","A","R","P","C","dS","dA","dR","dP","dC","Q","N","uc_F","lc_f","mu","lmda","phi","kappa","epsilon","t"
12.43813,62.03373,0.02266,172.01514,0,5.33563,-5.90655,0.01184,0,0,3,247.81037,0.30586,0.14471,0.0952,0.05431,0.10966,6e-04,0.01,2
17.77376,56.12718,0.0345,172.01514,0,4.82362,-5.34493000000001,0.01536,0,0,3,247.81037,0.30586,0.14471,0.0952,0.05431,0.10966,6e-04,0.01,3
22.59738,50.78225,0.04986,172.01514,0,4.3603,-4.83694,0.0188,0,0,3,247.81037,0.30586,0.14471,0.0952,0.05431,0.10966,6e-04,0.01,4
26.95768,45.94531,0.06866,172.01514,0,3.94097,-4.37751,0.02217,0,0,3,247.81037,0.30586,0.14471,0.0952,0.05431,0.10966,6e-04,0.01,5
30.89865,41.5678,0.09083,172.01514,0,3.56145,-3.96198,0.02549,0,0,3,247.81037,0.30586,0.14471,0.0952,0.05431,0.10966,6e-04,0.01,6
34.4601,37.60582,0.11632,172.01514,0,3.21794000000001,-3.5862,0.02879,0,0,3,247.81037,0.30586,0.14471,0.0952,0.05431,0.10966,6e-04,0.01,7
37.67804,34.01962,0.14511,172.01514,0,2.90698,-3.24636,0.03207,0,0,3,247.81037,0.30586,0.14471,0.0952,0.05431,0.10966,6e-04,0.01,8
40.58502,30.77326,0.17718,172.01514,0,2.62546,-2.93904,0.03536,0,0,3,247.81037,0.30586,0.14471,0.0952,0.05431,0.10966,6e-04,0.01,9
43.21048,27.83422,0.21254,172.01514,0,2.37057,-2.66115,0.03866,0,0,3,247.81037,0.30586,0.14471,0.0952,0.05431,0.10966,6e-04,0.01,10
45.58105,25.17307,0.2512,172.01514,0,2.13974,-2.40987,0.04199,0,0,3,247.81037,0.30586,0.14471,0.0952,0.05431,0.10966,6e-04,0.01,11
47.72079,22.7632,0.29319,172.01514,0,1.93068,-2.18267,0.04534,0,0,3,247.81037,0.30586,0.14471,0.0952,0.05431,0.10966,6e-04,0.01,12
49.65147,20.58053,0.33853,172.01514,0,1.7413,-1.97726,0.04874,0,0,3,247.81037,0.30586,0.14471,0.0952,0.05431,0.10966,6e-04,0.01,13
51.39277,18.60327,0.38727,172.01514,0,1.56972,-1.79155,0.05218,0,0,3,247.81037,0.30586,0.14471,0.0952,0.05431,0.10966,6e-04,0.01,14
52.96249,16.81172,0.43945,172.01514,0,1.41422,-1.62366,0.05565,0,0,3,247.81037,0.30586,0.14471,0.0952,0.05431,0.10966,6e-04,0.01,15
54.37671,15.18806,0.4951,172.01514,0,1.27325,-1.47188,0.05918,0,0,3,247.81037,0.30586,0.14471,0.0952,0.05431,0.10966,6e-04,0.01,16
55.64996,13.71618,0.55428,172.01514,0,1.14544,-1.33465,0.06272,0,0,3,247.81037,0.30586,0.14471,0.0952,0.05431,0.10966,6e-04,0.01,17
56.7954,12.38153,0.617,172.01514,0,1.02952,-1.21059,0.06628,0,0,3,247.81037,0.30586,0.14471,0.0952,0.05431,0.10966,6e-04,0.01,18
57.82492,11.17094,0.68328,172.01514,0,0.924340000000001,-1.09839,0.0698299999999999,0,0,3,247.81037,0.30586,0.14471,0.0952,0.05431,0.10966,6e-04,0.01,19
58.74926,10.07255,0.75311,172.01514,0,0.828879999999998,-0.996919999999999,0.0733400000000001,0,0,3,247.81037,0.30586,0.14471,0.0952,0.05431,0.10966,6e-04,0.01,20
59.57814,9.07563,0.82645,172.01514,0,0.742229999999999,-0.905100000000001,0.07677,0,0,3,247.81037,0.30586,0.14471,0.0952,0.05431,0.10966,6e-04,0.01,21
60.32037,8.17053,0.90322,172.01514,0,0.663540000000005,-0.821969999999999,0.08009,0,0,3,247.81037,0.30586,0.14471,0.0952,0.05431,0.10966,6e-04,0.01,22
60.98391,7.34856,0.98331,172.01514,0,0.59207,-0.74665,0.0832499999999999,0,0,3,247.81037,0.30586,0.14471,0.0952,0.05431,0.10966,6e-04,0.01,23
61.57598,6.60191,1.06656,172.01514,0,0.52713,-0.67835,0.08616,0,0,3,247.81037,0.30586,0.14471,0.0952,0.05431,0.10966,6e-04,0.01,24
62.10311,5.92356,1.15272,172.01514,0,0.468150000000001,-0.6163,0.0887899999999999,0,0,3,247.81037,0.30586,0.14471,0.0952,0.05431,0.10966,6e-04,0.01,25
62.57126,5.30726,1.24151,172.01514,0,0.414580000000001,-0.55987,0.0910600000000001,0,0,3,247.81037,0.30586,0.14471,0.0952,0.05431,0.10966,6e-04,0.01,26
62.98584,4.74739,1.33257,172.01514,0,0.365919999999996,-0.50845,0.0928899999999999,0,0,3,247.81037,0.30586,0.14471,0.0952,0.05431,0.10966,6e-04,0.01,27
63.35176,4.23894,1.42546,172.01514,0,0.321780000000004,-0.46146,0.09422,0,0,3,247.81037,0.30586,0.14471,0.0952,0.05431,0.10966,6e-04,0.01,28
63.67354,3.77748,1.51968,172.01514,0,0.281749999999995,-0.41846,0.09501,0,0,3,247.81037,0.30586,0.14471,0.0952,0.05431,0.10966,6e-04,0.01,29
63.95529,3.35902,1.61469,172.01514,0,0.2455,-0.37899,0.0952,0,0,3,247.81037,0.30586,0.14471,0.0952,0.05431,0.10966,6e-04,0.01,30
64.20079,2.98003,1.70989,172.01514,0,0.212739999999997,-0.3427,0.0948,0,0,3,247.81037,0.30586,0.14471,0.0952,0.05431,0.10966,6e-04,0.01,31
64.41353,2.63733,1.80469,172.01514,0,0.183170000000004,-0.30926,0.0937800000000002,0,0,3,247.81037,0.30586,0.14471,0.0952,0.05431,0.10966,6e-04,0.01,32
64.5967,2.32807,1.89847,172.01514,0,0.156549999999996,-0.27841,0.09219,0,0,3,247.81037,0.30586,0.14471,0.0952,0.05431,0.10966,6e-04,0.01,33
64.75325,2.04966,1.99066,172.01514,0,0.132660000000001,-0.24997,0.0900699999999999,0,0,3,247.81037,0.30586,0.14471,0.0952,0.05431,0.10966,6e-04,0.01,34
64.88591,1.79969,2.08073,172.01514,0,0.111290000000011,-0.22374,0.08751,0,0,3,247.81037,0.30586,0.14471,0.0952,0.05431,0.10966,6e-04,0.01,35
64.9972,1.57595,2.16824,172.01514,0,0.0922199999999975,-0.19959,0.0845799999999999,0,0,3,247.81037,0.30586,0.14471,0.0952,0.05431,0.10966,6e-04,0.01,36
65.08942,1.37636,2.25282,172.01514,0,0.0752799999999922,-0.17742,0.08141,0,0,3,247.81037,0.30586,0.14471,0.0952,0.05431,0.10966,6e-04,0.01,37
65.1647,1.19894,2.33423,172.01514,0,0.0602700000000027,-0.15716,0.0780600000000002,0,0,3,247.81037,0.30586,0.14471,0.0952,0.05431,0.10966,6e-04,0.01,38
65.22497,1.04178,2.41229,172.01514,0,0.0470300000000066,-0.13869,0.0746500000000001,0,0,3,247.81037,0.30586,0.14471,0.0952,0.05431,0.10966,6e-04,0.01,39
65.272,0.90309,2.48694,172.01514,0,0.0353899999999925,-0.12195,0.0712799999999998,0,0,3,247.81037,0.30586,0.14471,0.0952,0.05431,0.10966,6e-04,0.01,40
65.30739,0.78114,2.55822,172.01514,0,0.0251999999999981,-0.10686,0.0679799999999999,0,0,3,247.81037,0.30586,0.14471,0.0952,0.05431,0.10966,6e-04,0.01,41
65.33259,0.67428,2.6262,172.01514,0,0.0163000000000011,-0.09333,0.0648599999999999,0,0,3,247.81037,0.30586,0.14471,0.0952,0.05431,0.10966,6e-04,0.01,42
65.34889,0.58095,2.69106,172.01514,0,0.00856000000000279,-0.0812599999999999,0.0619000000000001,0,0,3,247.81037,0.30586,0.14471,0.0952,0.05431,0.10966,6e-04,0.01,43
65.35745,0.49969,2.75296,172.01514,0,0.00182999999999822,-0.07054,0.0591900000000001,0,0,3,247.81037,0.30586,0.14471,0.0952,0.05431,0.10966,6e-04,0.01,44
65.35928,0.42915,2.81215,172.01514,0,-0.00397999999999854,-0.06107,0.0566900000000001,0,0,3,247.81037,0.30586,0.14471,0.0952,0.05431,0.10966,6e-04,0.01,45
65.3553,0.36808,2.86884,172.01514,0,-0.00900000000000034,-0.05276,0.05444,0,0,3,247.81037,0.30586,0.14471,0.0952,0.05431,0.10966,6e-04,0.01,46
65.3463,0.31532,2.92328,172.01514,0,-0.0133199999999931,-0.04548,0.0524199999999997,0,0,3,247.81037,0.30586,0.14471,0.0952,0.05431,0.10966,6e-04,0.01,47
65.33298,0.26984,2.9757,172.01514,0,-0.0170400000000086,-0.03912,0.0506300000000004,-0.278930000000003,0.27892,3,247.81037,0.30586,0.14471,0.0952,0.05431,0.10966,6e-04,0.01,48
65.31594,0.23072,3.02633,171.73621,0.27892,-0.0418499999999966,-0.02196,0.0616999999999996,-0.284500000000008,0.28449,3,247.81037,0.30586,0.14471,0.0952,0.05431,0.10966,6e-04,0.01,49
65.27409,0.20876,3.08803,171.45171,0.56341,-0.044169999999994,-0.01988,0.0621100000000001,-0.290109999999999,0.2901,3,247.81037,0.30586,0.14471,0.0952,0.05431,0.10966,6e-04,0.01,50
65.22992,0.18888,3.15014,171.1616,0.85351,-0.0462900000000133,-0.01798,0.0625400000000003,-0.295760000000001,0.29575,3,247.81037,0.30586,0.14471,0.0952,0.05431,0.10966,6e-04,0.01,51
65.18363,0.1709,3.21268,170.86584,1.14926,-0.0482599999999991,-0.01627,0.0629499999999998,-0.301429999999982,0.30142,3,247.81037,0.30586,0.14471,0.0952,0.05431,0.10966,6e-04,0.01,52
65.13537,0.15463,3.27563,170.56441,1.45068,-0.0500799999999941,-0.01472,0.0633599999999999,-0.307150000000007,0.30714,3,247.81037,0.30586,0.14471,0.0952,0.05431,0.10966,6e-04,0.01,53
65.08529,0.13991,3.33899,170.25726,1.75782,-0.0517600000000016,-0.01332,0.06379,-0.312880000000007,0.31287,3,247.81037,0.30586,0.14471,0.0952,0.05431,0.10966,6e-04,0.01,54
65.03353,0.12659,3.40278,169.94438,2.07069,-0.0533400000000057,-0.01205,0.0642100000000001,-0.318659999999994,0.31865,3,247.81037,0.30586,0.14471,0.0952,0.05431,0.10966,6e-04,0.01,55
64.98019,0.11454,3.46699,169.62572,2.38934,-0.0548000000000002,-0.0109,0.0646300000000002,-0.324459999999988,0.32445,3,247.81037,0.30586,0.14471,0.0952,0.05431,0.10966,6e-04,0.01,56
64.92539,0.10364,3.53162,169.30126,2.71379,-0.0561599999999913,-0.00986999999999999,0.0650499999999998,-0.330310000000026,0.33029,3,247.81037,0.30586,0.14471,0.0952,0.05431,0.10966,6e-04,0.01,57
64.86923,0.09377,3.59667,168.97095,3.04408,-0.0574299999999965,-0.00892000000000001,0.0654699999999999,-0.336169999999981,0.33616,3,247.81037,0.30586,0.14471,0.0952,0.05431,0.10966,6e-04,0.01,58
64.8118,0.08485,3.66214,168.63478,3.38024,-0.058630000000008,-0.00807999999999999,0.0659000000000001,-0.34208000000001,0.34207,3,247.81037,0.30586,0.14471,0.0952,0.05431,0.10966,6e-04,0.01,59
64.75317,0.07677,3.72804,168.2927,3.72231,-0.059749999999994,-0.00731000000000001,0.0663299999999998,-0.348019999999991,0.348,3,247.81037,0.30586,0.14471,0.0952,0.05431,0.10966,6e-04,0.01,60
64.69342,0.06946,3.79437,167.94468,4.07031,-0.0608100000000036,-0.00660999999999999,0.0667600000000004,-0.35399000000001,0.35397,3,247.81037,0.30586,0.14471,0.0952,0.05431,0.10966,6e-04,0.01,61
64.63261,0.06285,3.86113,167.59069,4.42428,-0.0618099999999941,-0.00598000000000001,0.06718,-0.359989999999982,0.35997,3,247.81037,0.30586,0.14471,0.0952,0.05431,0.10966,6e-04,0.01,62
64.5708,0.05687,3.92831,167.2307,4.78425,-0.0627500000000083,-0.00541999999999999,0.0676099999999997,-0.36602000000002,0.366,3,247.81037,0.30586,0.14471,0.0952,0.05431,0.10966,6e-04,0.01,63
64.50805,0.05145,3.99592,166.86468,5.15025,-0.0636599999999987,-0.0049,0.0680500000000004,-0.372079999999983,0.37207,3,247.81037,0.30586,0.14471,0.0952,0.05431,0.10966,6e-04,0.01,64
64.44439,0.04655,4.06397,166.4926,5.52232,-0.0645099999999985,-0.00443,0.0684800000000001,-0.378190000000018,0.37816,3,247.81037,0.30586,0.14471,0.0952,0.05431,0.10966,6e-04,0.01,65
64.37988,0.04212,4.13245,166.11441,5.90048,-0.065330000000003,-0.00401,0.0689099999999998,-0.384309999999999,0.38429,3,247.81037,0.30586,0.14471,0.0952,0.05431,0.10966,6e-04,0.01,66
64.31455,0.03811,4.20136,165.7301,6.28477,-0.0661099999999948,-0.00363,0.0693599999999996,-0.390479999999997,0.39046,3,247.81037,0.30586,0.14471,0.0952,0.05431,0.10966,6e-04,0.01,67
64.24844,0.03448,4.27072,165.33962,6.67523,-0.0668600000000055,-0.00328,0.0697799999999997,-0.39667,0.39664,3,247.81037,0.30586,0.14471,0.0952,0.05431,0.10966,6e-04,0.01,68
64.18158,0.0312,4.3405,164.94295,7.07187,-0.0675799999999924,-0.00297,0.0702300000000005,-0.402899999999988,0.40287,3,247.81037,0.30586,0.14471,0.0952,0.05431,0.10966,6e-04,0.01,69
64.114,0.02823,4.41073,164.54005,7.47474,-0.0682800000000015,-0.00269,0.0706699999999998,-0.409150000000011,0.40913,3,247.81037,0.30586,0.14471,0.0952,0.05431,0.10966,6e-04,0.01,70
64.04572,0.02554,4.4814,164.1309,7.88387,-0.068950000000001,-0.00243,0.07111,-0.415449999999993,0.415419999999999,3,247.81037,0.30586,0.14471,0.0952,0.05431,0.10966,6e-04,0.01,71
63.97677,0.02311,4.55251,163.71545,8.29929,-0.0696100000000044,-0.0022,0.0715599999999998,-0.421760000000006,0.42173,3,247.81037,0.30586,0.14471,0.0952,0.05431,0.10966,6e-04,0.01,72
63.90716,0.02091,4.62407,163.29369,8.72102,-0.0702499999999944,-0.00199,0.0720000000000001,-0.428120000000007,0.428090000000001,3,247.81037,0.30586,0.14471,0.0952,0.05431,0.10966,6e-04,0.01,73
63.83691,0.01892,4.69607,162.86557,9.14911,-0.0708600000000033,-0.0018,0.0724400000000003,-0.434499999999986,0.434469999999999,3,247.81037,0.30586,0.14471,0.0952,0.05431,0.10966,6e-04,0.01,74
63.76605,0.01712,4.76851,162.43107,9.58358,-0.0714600000000019,-0.00163,0.0728999999999997,-0.440930000000009,0.440890000000001,3,247.81037,0.30586,0.14471,0.0952,0.05431,0.10966,6e-04,0.01,75
63.69459,0.01549,4.84141,161.99014,10.02447,-0.0720600000000005,-0.00147,0.07334,-0.447360000000003,0.447329999999999,3,247.81037,0.30586,0.14471,0.0952,0.05431,0.10966,6e-04,0.01,76
63.62253,0.01402,4.91475,161.54278,10.4718,-0.0726299999999966,-0.00134,0.0738000000000003,-0.453849999999989,0.453810000000001,3,247.81037,0.30586,0.14471,0.0952,0.05431,0.10966,6e-04,0.01,77
63.5499,0.01268,4.98855,161.08893,10.92561,-0.0731999999999999,-0.00121,0.0742399999999996,-0.460360000000009,0.460319999999999,3,247.81037,0.30586,0.14471,0.0952,0.05431,0.10966,6e-04,0.01,78
63.4767,0.01147,5.06279,160.62857,11.38593,-0.07376,-0.00109,0.0747100000000005,-0.46690000000001,0.466849999999999,3,247.81037,0.30586,0.14471,0.0952,0.05431,0.10966,6e-04,0.01,79
63.40294,0.01038,5.1375,160.16167,11.85278,-0.0743100000000041,-0.00099,0.0751499999999998,-0.473469999999992,0.47343,3,247.81037,0.30586,0.14471,0.0952,0.05431,0.10966,6e-04,0.01,80
63.32863,0.00939,5.21265,159.6882,12.32621,-0.0748599999999939,-0.00089,0.0756199999999998,-0.480069999999984,0.480030000000001,3,247.81037,0.30586,0.14471,0.0952,0.05431,0.10966,6e-04,0.01,81
63.25377,0.0085,5.28827,159.20813,12.80624,-0.0753800000000027,-0.000810000000000001,0.0760700000000005,-0.486710000000016,0.486659999999999,3,247.81037,0.30586,0.14471,0.0952,0.05431,0.10966,6e-04,0.01,82
63.17839,0.00769,5.36434,158.72142,13.2929,-0.0759200000000035,-0.00073,0.07653,-0.493369999999999,0.493320000000001,3,247.81037,0.30586,0.14471,0.0952,0.05431,0.10966,6e-04,0.01,83
63.10247,0.00696,5.44087,158.22805,13.78622,-0.0764399999999981,-0.00066,0.0769899999999994,-0.500069999999994,0.50001,3,247.81037,0.30586,0.14471,0.0952,0.05431,0.10966,6e-04,0.01,84
63.02603,0.0063,5.51786,157.72798,14.28623,-0.0769699999999958,-6e-04,0.0774499999999998,-0.506789999999995,0.506730000000001,3,247.81037,0.30586,0.14471,0.0952,0.05431,0.10966,6e-04,0.01,85
62.94906,0.0057,5.59531,157.22119,14.79296,-0.0774700000000053,-0.00055,0.0779200000000007,-0.513540000000006,0.513489999999999,3,247.81037,0.30586,0.14471,0.0952,0.05431,0.10966,6e-04,0.01,86
62.87159,0.00515,5.67323,156.70765,15.30645,-0.0779899999999998,-0.00049,0.0783899999999997,-0.520330000000001,0.52027,3,247.81037,0.30586,0.14471,0.0952,0.05431,0.10966,6e-04,0.01,87
62.7936,0.00466,5.75162,156.18732,15.82672,-0.0784999999999982,-0.00044,0.0788500000000001,-0.527150000000006,0.52708,3,247.81037,0.30586,0.14471,0.0952,0.05431,0.10966,6e-04,0.01,88
62.7151,0.00422,5.83047,155.66017,16.3538,-0.0790099999999967,-4e-04,0.0793099999999995,-0.533989999999989,0.533920000000002,3,247.81037,0.30586,0.14471,0.0952,0.05431,0.10966,6e-04,0.01,89
62.63609,0.00382,5.90978,155.12618,16.88772,-0.0795100000000062,-0.00037,0.07979,-0.540860000000009,0.540799999999997,3,247.81037,0.30586,0.14471,0.0952,0.05431,0.10966,6e-04,0.01,90
62.55658,0.00345,5.98957,154.58532,17.42852,-0.0800099999999944,-0.00032,0.08026,-0.547769999999986,0.547689999999999,3,247.81037,0.30586,0.14471,0.0952,0.05431,0.10966,6e-04,0.01,91
62.47657,0.00313,6.06983,154.03755,17.97621,-0.0805100000000039,-3e-04,0.0807200000000003,-0.554690000000022,0.55461,3,247.81037,0.30586,0.14471,0.0952,0.05431,0.10966,6e-04,0.01,92
62.39606,0.00283,6.15055,153.48286,18.53082,-0.0810099999999991,-0.00027,0.0811999999999999,-0.561659999999989,0.561580000000003,3,247.81037,0.30586,0.14471,0.0952,0.05431,0.10966,6e-04,0.01,93
62.31505,0.00256,6.23175,152.9212,19.0924,-0.0815100000000015,-0.00024,0.0816800000000004,-0.568639999999988,0.568559999999998,3,247.81037,0.30586,0.14471,0.0952,0.05431,0.10966,6e-04,0.01,94
62.23354,0.00232,6.31343,152.35256,19.66096,-0.0820099999999968,-0.00023,0.0821499999999995,-0.575659999999999,0.575569999999999,3,247.81037,0.30586,0.14471,0.0952,0.05431,0.10966,6e-04,0.01,95
62.15153,0.00209,6.39558,151.7769,20.23653,-0.0825000000000031,-0.00019,0.08263,-0.582700000000017,0.582610000000003,3,247.81037,0.30586,0.14471,0.0952,0.05431,0.10966,6e-04,0.01,96
62.06903,0.0019,6.47821,151.1942,20.81914,-0.0829999999999984,-0.00018,0.0831,-0.589769999999987,0.589679999999998,3,247.81037,0.30586,0.14471,0.0952,0.05431,0.10966,6e-04,0.01,97
61.98603,0.00172,6.56131,150.60443,21.40882,-0.0834899999999976,-0.00017,0.0835900000000001,-0.596869999999996,0.596770000000003,3,247.81037,0.30586,0.14471,0.0952,0.05431,0.10966,6e-04,0.01,98
61.90254,0.00155,6.6449,150.00756,22.00559,-0.0839800000000039,-0.00015,0.08406,-0.604000000000013,0.60389,3,247.81037,0.30586,0.14471,0.0952,0.05431,0.10966,6e-04,0.01,99
61.81856,0.0014,6.72896,149.40356,22.60948,-0.0844899999999953,-0.00013,0.0845500000000001,-0.611150000000009,0.611039999999999,3,247.81037,0.30586,0.14471,0.0952,0.05431,0.10966,6e-04,0.01,100
61.73407,0.00127,6.81351,148.79241,23.22052,-0.0849700000000055,-0.00012,0.0850200000000001,-0.618329999999986,0.618210000000001,3,247.81037,0.30586,0.14471,0.0952,0.05431,0.10966,6e-04,0.01,101
61.6491,0.00115,6.89853,148.17408,23.83873,-0.0854699999999937,-0.00011,0.0855100000000002,-0.625529999999998,0.625409999999999,3,247.81037,0.30586,0.14471,0.0952,0.05431,0.10966,6e-04,0.01,102
61.56363,0.00104,6.98404,147.54855,24.46414,-0.08596,-9.99999999999999e-05,0.0859999999999994,-0.632760000000019,0.632639999999999,3,247.81037,0.30586,0.14471,0.0952,0.05431,0.10966,6e-04,0.01,103
61.47767,0.00094,7.07004,146.91579,25.09678,-0.0864600000000024,-9e-05,0.0864800000000008,-0.64000999999999,0.639880000000002,3,247.81037,0.30586,0.14471,0.0952,0.05431,0.10966,6e-04,0.01,104
61.39121,0.00085,7.15652,146.27578,25.73666,-0.0869599999999977,-8e-05,0.08697,-0.647300000000001,0.64716,3,247.81037,0.30586,0.14471,0.0952,0.05431,0.10966,6e-04,0.01,105
61.30425,0.00077,7.24349,145.62848,26.38382,-0.0874400000000009,-7e-05,0.0874499999999996,-0.654589999999985,0.65446,3,247.81037,0.30586,0.14471,0.0952,0.05431,0.10966,6e-04,0.01,106
61.21681,7e-04,7.33094,144.97389,27.03828,-0.0879499999999993,-7e-05,0.0879399999999997,-0.661930000000012,0.661770000000001,3,247.81037,0.30586,0.14471,0.0952,0.05431,0.10966,6e-04,0.01,107
61.12886,0.00063,7.41888,144.31196,27.70005,-0.0884400000000056,-6e-05,0.0884400000000003,-0.669270000000012,0.669119999999999,3,247.81037,0.30586,0.14471,0.0952,0.05431,0.10966,6e-04,0.01,108
61.04042,0.00057,7.50732,143.64269,28.36917,-0.0889299999999977,-5e-05,0.0889199999999999,-0.676649999999995,0.676490000000001,3,247.81037,0.30586,0.14471,0.0952,0.05431,0.10966,6e-04,0.01,109
60.95149,0.00052,7.59624,142.96604,29.04566,-0.0894300000000001,-5e-05,0.08941,-0.684039999999982,0.683869999999999,3,247.81037,0.30586,0.14471,0.0952,0.05431,0.10966,6e-04,0.01,110
60.86206,0.00047,7.68565,142.282,29.72953,-0.0899300000000025,-5e-05,0.0899099999999997,-0.691460000000006,0.691289999999999,3,247.81037,0.30586,0.14471,0.0952,0.05431,0.10966,6e-04,0.01,111
60.77213,0.00042,7.77556,141.59054,30.42082,-0.0904299999999978,-4e-05,0.0904000000000007,-0.698900000000009,0.698720000000002,3,247.81037,0.30586,0.14471,0.0952,0.05431,0.10966,6e-04,0.01,112
60.6817,0.00038,7.86596,140.89164,31.11954,-0.090919999999997,-3e-05,0.0908899999999999,-0.706359999999989,0.70617,3,247.81037,0.30586,0.14471,0.0952,0.05431,0.10966,6e-04,0.01,113
60.59078,0.00035,7.95685,140.18528,31.82571,-0.0914300000000026,-4e-05,0.0913899999999996,-0.713840000000005,0.713639999999998,3,247.81037,0.30586,0.14471,0.0952,0.05431,0.10966,6e-04,0.01,114
60.49935,0.00031,8.04824,139.47144,32.53935,-0.0919200000000018,-3e-05,0.0918899999999994,-0.721339999999998,0.721130000000002,3,247.81037,0.30586,0.14471,0.0952,0.05431,0.10966,6e-04,0.01,115
60.40743,0.00028,8.14013,138.7501,33.26048,-0.0924199999999971,-2e-05,0.0923800000000004,-0.728859999999997,0.728650000000002,3,247.81037,0.30586,0.14471,0.0952,0.05431,0.10966,6e-04,0.01,116
60.31501,0.00026,8.23251,138.02124,33.98913,-0.0929199999999994,-3e-05,0.0928699999999996,-0.736400000000003,0.736169999999994,3,247.81037,0.30586,0.14471,0.0952,0.05431,0.10966,6e-04,0.01,117
60.22209,0.00023,8.32538,137.28484,34.7253,-0.0934200000000018,-2e-05,0.0933800000000016,-0.743950000000012,0.74371,3,247.81037,0.30586,0.14471,0.0952,0.05431,0.10966,6e-04,0.01,118
60.12867,0.00021,8.41876,136.54089,35.46901,-0.0939199999999971,-2e-05,0.093869999999999,-0.751519999999999,0.751280000000001,3,247.81037,0.30586,0.14471,0.0952,0.05431,0.10966,6e-04,0.01,119
60.03475,0.00019,8.51263,135.78937,36.22029,-0.0944199999999995,-2e-05,0.0943699999999996,-0.759109999999993,0.758859999999999,3,247.81037,0.30586,0.14471,0.0952,0.05431,0.10966,6e-04,0.01,120
59.94033,0.00017,8.607,135.03026,36.97915,-0.0949300000000051,-1e-05,0.0948700000000002,-0.766719999999992,0.766450000000006,3,247.81037,0.30586,0.14471,0.0952,0.05431,0.10966,6e-04,0.01,121
59.8454,0.00016,8.70187,134.26354,37.7456,-0.0954199999999972,-2e-05,0.0953700000000008,-0.774329999999992,0.774059999999999,3,247.81037,0.30586,0.14471,0.0952,0.05431,0.10966,6e-04,0.01,122
59.74998,0.00014,8.79724,133.48921,38.51966,-0.0959300000000027,-1e-05,0.0958699999999997,-0.781970000000001,0.781669999999998,3,247.81037,0.30586,0.14471,0.0952,0.05431,0.10966,6e-04,0.01,123
59.65405,0.00013,8.89311,132.70724,39.30133,-0.096429999999998,-9.99999999999999e-06,0.0963700000000003,-0.78961000000001,0.789319999999996,3,247.81037,0.30586,0.14471,0.0952,0.05431,0.10966,6e-04,0.01,124
59.55762,0.00012,8.98948,131.91763,40.09065,-0.0969399999999965,-2e-05,0.0968800000000005,-0.797269999999997,0.796950000000002,3,247.81037,0.30586,0.14471,0.0952,0.05431,0.10966,6e-04,0.01,125
59.46068,1e-04,9.08636,131.12036,40.8876,-0.097440000000006,-1e-05,0.0973799999999994,-0.804940000000016,0.80462,3,247.81037,0.30586,0.14471,0.0952,0.05431,0.10966,6e-04,0.01,126
59.36324,9e-05,9.18374,130.31542,41.69222,-0.0979399999999941,0,0.0978700000000003,-0.812619999999981,0.812280000000001,3,247.81037,0.30586,0.14471,0.0952,0.05431,0.10966,6e-04,0.01,127
59.2653,9e-05,9.28161,129.5028,42.5045,-0.0984500000000068,-1e-05,0.0983900000000002,-0.820300000000003,0.819949999999999,3,247.81037,0.30586,0.14471,0.0952,0.05431,0.10966,6e-04,0.01,128
59.16685,8e-05,9.38,128.6825,43.32445,-0.098949999999995,-1e-05,0.0988799999999994,-0.828010000000006,0.827640000000002,3,247.81037,0.30586,0.14471,0.0952,0.05431,0.10966,6e-04,0.01,129
59.0679,7e-05,9.47888,127.85449,44.15209,-0.0994600000000005,-9.99999999999999e-06,0.0993899999999996,-0.835709999999992,0.835329999999999,3,247.81037,0.30586,0.14471,0.0952,0.05431,0.10966,6e-04,0.01,130
58.96844,6e-05,9.57827,127.01878,44.98742,-0.0999600000000029,0,0.0998900000000003,-0.843430000000012,0.843029999999999,3,247.81037,0.30586,0.14471,0.0952,0.05431,0.10966,6e-04,0.01,131
58.86848,6e-05,9.67816,126.17535,45.83045,-0.100470000000001,-1e-05,0.1004,-0.851140000000001,0.850720000000003,3,247.81037,0.30586,0.14471,0.0952,0.05431,0.10966,6e-04,0.01,132
58.76801,5e-05,9.77856,125.32421,46.68117,-0.100969999999997,0,0.100899999999999,-0.858859999999993,0.858429999999998,3,247.81037,0.30586,0.14471,0.0952,0.05431,0.10966,6e-04,0.01,133
58.66704,5e-05,9.87946,124.46535,47.5396,-0.101480000000002,-1e-05,0.10141,-0.866590000000002,0.866140000000001,3,247.81037,0.30586,0.14471,0.0952,0.05431,0.10966,6e-04,0.01,134
58.56556,4e-05,9.98087,123.59876,48.40574,-0.101979999999998,0,0.10191,-0.874309999999994,0.873840000000001,3,247.81037,0.30586,0.14471,0.0952,0.05431,0.10966,6e-04,0.01,135
58.46358,4e-05,10.08278,122.72445,49.27958,-0.102499999999999,-1e-05,0.102410000000001,-0.882040000000003,0.881549999999997,3,247.81037,0.30586,0.14471,0.0952,0.05431,0.10966,6e-04,0.01,136
58.36108,3e-05,10.18519,121.84241,50.16113,-0.102989999999998,0,0.102919999999999,-0.889759999999995,0.88926,3,247.81037,0.30586,0.14471,0.0952,0.05431,0.10966,6e-04,0.01,137
58.25809,3e-05,10.28811,120.95265,51.05039,-0.10351,0,0.103430000000001,-0.897490000000005,0.896949999999997,3,247.81037,0.30586,0.14471,0.0952,0.05431,0.10966,6e-04,0.01,138
58.15458,3e-05,10.39154,120.05516,51.94734,-0.104000000000006,0,0.103929999999998,-0.905209999999997,0.90466,3,247.81037,0.30586,0.14471,0.0952,0.05431,0.10966,6e-04,0.01,139
58.05058,3e-05,10.49547,119.14995,52.852,-0.104519999999994,-1e-05,0.104430000000001,-0.91292,0.91234,3,247.81037,0.30586,0.14471,0.0952,0.05431,0.10966,6e-04,0.01,140
57.94606,2e-05,10.5999,118.23703,53.76434,-0.105020000000003,0,0.104940000000001,-0.92062,0.920030000000004,3,247.81037,0.30586,0.14471,0.0952,0.05431,0.10966,6e-04,0.01,141
57.84104,2e-05,10.70484,117.31641,54.68437,-0.105530000000002,0,0.105449999999999,-0.928330000000003,0.927700000000002,3,247.81037,0.30586,0.14471,0.0952,0.05431,0.10966,6e-04,0.01,142
57.73551,2e-05,10.81029,116.38808,55.61207,-0.106029999999997,0,0.10595,-0.936009999999996,0.935359999999996,3,247.81037,0.30586,0.14471,0.0952,0.05431,0.10966,6e-04,0.01,143
57.62948,2e-05,10.91624,115.45207,56.54743,-0.106540000000003,0,0.10646,-0.943690000000004,0.943020000000004,3,247.81037,0.30586,0.14471,0.0952,0.05431,0.10966,6e-04,0.01,144
57.52294,2e-05,11.0227,114.50838,57.49045,-0.107039999999998,-1e-05,0.106949999999999,-0.951360000000008,0.95064,3,247.81037,0.30586,0.14471,0.0952,0.05431,0.10966,6e-04,0.01,145
57.4159,1e-05,11.12965,113.55702,58.44109,-0.107550000000003,0,0.107470000000001,-0.958999999999989,0.958269999999999,3,247.81037,0.30586,0.14471,0.0952,0.05431,0.10966,6e-04,0.01,146
57.30835,1e-05,11.23712,112.59802,59.39936,-0.108059999999995,0,0.10797,-0.966630000000009,0.965859999999999,3,247.81037,0.30586,0.14471,0.0952,0.05431,0.10966,6e-04,0.01,147
57.20029,1e-05,11.34509,111.63139,60.36522,-0.108550000000001,0,0.108469999999999,-0.974239999999995,0.97345,3,247.81037,0.30586,0.14471,0.0952,0.05431,0.10966,6e-04,0.01,148
57.09174,1e-05,11.45356,110.65715,61.33867,-0.109070000000003,0,0.108970000000001,-0.981819999999999,0.980989999999998,3,247.81037,0.30586,0.14471,0.0952,0.05431,0.10966,6e-04,0.01,149
56.98267,1e-05,11.56253,109.67533,62.31966,-0.109560000000002,0,0.10948,-0.989400000000003,0.988530000000004,3,247.81037,0.30586,0.14471,0.0952,0.05431,0.10966,6e-04,0.01,150
56.87311,1e-05,11.67201,108.68593,63.30819,-0.110079999999996,0,0.10998,-0.996930000000006,0.996029999999998,3,247.81037,0.30586,0.14471,0.0952,0.05431,0.10966,6e-04,0.01,151
56.76303,1e-05,11.78199,107.689,64.30422,-0.110570000000003,0,0.110479999999999,-1.00443999999999,1.0035,3,247.81037,0.30586,0.14471,0.0952,0.05431,0.10966,6e-04,0.01,152
56.65246,1e-05,11.89247,106.68456,65.30772,-0.111069999999998,0,0.110990000000001,-1.01191,1.01093,3,247.81037,0.30586,0.14471,0.0952,0.05431,0.10966,6e-04,0.01,153
56.54139,1e-05,12.00346,105.67265,66.31865,-0.111579999999996,0,0.11148,-1.01936000000001,1.01835,3,247.81037,0.30586,0.14471,0.0952,0.05431,0.10966,6e-04,0.01,154
56.42981,1e-05,12.11494,104.65329,67.337,-0.112080000000006,0,0.111989999999999,-1.02677,1.0257,3,247.81037,0.30586,0.14471,0.0952,0.05431,0.10966,6e-04,0.01,155
56.31773,1e-05,12.22693,103.62652,68.3627,-0.112579999999994,-1e-05,0.112480000000001,-1.03413999999999,1.03303,3,247.81037,0.30586,0.14471,0.0952,0.05431,0.10966,6e-04,0.01,156
56.20515,0,12.33941,102.59238,69.39573,-0.113080000000004,0,0.112979999999999,-1.04147,1.04031000000001,3,247.81037,0.30586,0.14471,0.0952,0.05431,0.10966,6e-04,0.01,157
56.09207,0,12.45239,101.55091,70.43604,-0.113579999999999,0,0.113490000000001,-1.04875,1.04755,3,247.81037,0.30586,0.14471,0.0952,0.05431,0.10966,6e-04,0.01,158
55.97849,0,12.56588,100.50216,71.48359,-0.114080000000001,0,0.11398,-1.05598000000001,1.05472999999999,3,247.81037,0.30586,0.14471,0.0952,0.05431,0.10966,6e-04,0.01,159
55.86441,0,12.67986,99.44618,72.53832,-0.114570000000001,0,0.114470000000001,-1.06316,1.06185000000001,3,247.81037,0.30586,0.14471,0.0952,0.05431,0.10966,6e-04,0.01,160
55.74984,0,12.79433,98.38302,73.60017,-0.115069999999996,0,0.114979999999999,-1.07029,1.06892999999999,3,247.81037,0.30586,0.14471,0.0952,0.05431,0.10966,6e-04,0.01,161
55.63477,0,12.90931,97.31273,74.6691,-0.115570000000005,0,0.115460000000001,-1.07736,1.07594,3,247.81037,0.30586,0.14471,0.0952,0.05431,0.10966,6e-04,0.01,162
55.5192,0,13.02477,96.23537,75.74504,-0.116070000000001,0,0.115959999999999,-1.08437000000001,1.08288,3,247.81037,0.30586,0.14471,0.0952,0.05431,0.10966,6e-04,0.01,163
55.40313,0,13.14073,95.151,76.82792,-0.11656,0,0.11646,-1.09129999999999,1.08976,3,247.81037,0.30586,0.14471,0.0952,0.05431,0.10966,6e-04,0.01,164
55.28657,0,13.25719,94.0597,77.91768,-0.117049999999999,0,0.116950000000001,-1.09818000000001,1.09656,3,247.81037,0.30586,0.14471,0.0952,0.05431,0.10966,6e-04,0.01,165
55.16952,0,13.37414,92.96152,79.01424,-0.117539999999998,0,0.117429999999999,-1.10496999999999,1.10329,3,247.81037,0.30586,0.14471,0.0952,0.05431,0.10966,6e-04,0.01,166
55.05198,0,13.49157,91.85655,80.11753,-0.118029999999997,0,0.117930000000001,-1.11169,1.10993999999999,3,247.81037,0.30586,0.14471,0.0952,0.05431,0.10966,6e-04,0.01,167
54.93395,0,13.6095,90.74486,81.22747,-0.11853,0,0.118419999999999,-1.11833,1.11649,3,247.81037,0.30586,0.14471,0.0952,0.05431,0.10966,6e-04,0.01,168
54.81542,0,13.72792,89.62653,82.34396,-0.119010000000003,0,0.1189,-1.12487,1.12296000000001,3,247.81037,0.30586,0.14471,0.0952,0.05431,0.10966,6e-04,0.01,169
54.69641,0,13.84682,88.50166,83.46692,-0.119500000000002,0,0.119400000000001,-1.13132,1.12933,3,247.81037,0.30586,0.14471,0.0952,0.05431,0.10966,6e-04,0.01,170
54.57691,0,13.96622,87.37034,84.59625,-0.119990000000001,0,0.119870000000001,-1.13768,1.1356,3,247.81037,0.30586,0.14471,0.0952,0.05431,0.10966,6e-04,0.01,171
54.45692,0,14.08609,86.23266,85.73185,-0.120469999999997,0,0.12036,-1.14391999999999,1.14175,3,247.81037,0.30586,0.14471,0.0952,0.05431,0.10966,6e-04,0.01,172
54.33645,0,14.20645,85.08874,86.8736,-0.120959999999997,0,0.120839999999999,-1.15007,1.14781000000001,3,247.81037,0.30586,0.14471,0.0952,0.05431,0.10966,6e-04,0.01,173
54.21549,0,14.32729,83.93867,88.02141,-0.121430000000004,0,0.12133,-1.1561,1.15371999999999,3,247.81037,0.30586,0.14471,0.0952,0.05431,0.10966,6e-04,0.01,174
54.09406,0,14.44862,82.78257,89.17513,-0.121919999999996,0,0.1218,-1.16199,1.15953,3,247.81037,0.30586,0.14471,0.0952,0.05431,0.10966,6e-04,0.01,175
53.97214,0,14.57042,81.62058,90.33466,-0.122400000000006,0,0.12228,-1.16778000000001,1.1652,3,247.81037,0.30586,0.14471,0.0952,0.05431,0.10966,6e-04,0.01,176
53.84974,0,14.6927,80.4528,91.49986,-0.122869999999999,0,0.12276,-1.17341999999999,1.17072,3,247.81037,0.30586,0.14471,0.0952,0.05431,0.10966,6e-04,0.01,177
53.72687,0,14.81546,79.27938,92.67058,-0.123359999999998,0,0.12323,-1.17891,1.17610000000001,3,247.81037,0.30586,0.14471,0.0952,0.05431,0.10966,6e-04,0.01,178
53.60351,0,14.93869,78.10047,93.84668,-0.123820000000002,0,0.123710000000001,-1.18427,1.18132,3,247.81037,0.30586,0.14471,0.0952,0.05431,0.10966,6e-04,0.01,179
53.47969,0,15.0624,76.9162,95.028,-0.124299999999998,0,0.124169999999999,-1.18945000000001,1.18638999999999,3,247.81037,0.30586,0.14471,0.0952,0.05431,0.10966,6e-04,0.01,180
53.35539,0,15.18657,75.72675,96.21439,-0.124769999999998,0,0.124650000000001,-1.19449,1.19127,3,247.81037,0.30586,0.14471,0.0952,0.05431,0.10966,6e-04,0.01,181
53.23062,0,15.31122,74.53226,97.40566,-0.125240000000005,0,0.125109999999999,-1.19932999999999,1.19598000000001,3,247.81037,0.30586,0.14471,0.0952,0.05431,0.10966,6e-04,0.01,182
53.10538,0,15.43633,73.33293,98.60164,-0.125699999999995,0,0.125579999999999,-1.20401000000001,1.20049999999999,3,247.81037,0.30586,0.14471,0.0952,0.05431,0.10966,6e-04,0.01,183
52.97968,0,15.56191,72.12892,99.80214,-0.126180000000005,0,0.126050000000001,-1.20849,1.20482000000001,3,247.81037,0.30586,0.14471,0.0952,0.05431,0.10966,6e-04,0.01,184
52.8535,0,15.68796,70.92043,101.00696,-0.126629999999999,0,0.12651,-1.21276,1.20893,3,247.81037,0.30586,0.14471,0.0952,0.05431,0.10966,6e-04,0.01,185
52.72687,0,15.81447,69.70767,102.21589,-0.127099999999999,0,0.12697,-1.21682999999999,1.21281999999999,3,247.81037,0.30586,0.14471,0.0952,0.05431,0.10966,6e-04,0.01,186
52.59977,0,15.94144,68.49084,103.42871,-0.127549999999999,0,0.127420000000001,-1.22067000000001,1.21647,3,247.81037,0.30586,0.14471,0.0952,0.05431,0.10966,6e-04,0.01,187
52.47222,0,16.06886,67.27017,104.64518,-0.128019999999999,0,0.127879999999998,-1.22427999999999,1.21989000000001,3,247.81037,0.30586,0.14471,0.0952,0.05431,0.10966,6e-04,0.01,188
52.3442,0,16.19674,66.04589,105.86507,-0.12847,0,0.128340000000001,-1.22763999999999,1.22305,3,247.81037,0.30586,0.14471,0.0952,0.05431,0.10966,6e-04,0.01,189
52.21573,0,16.32508,64.81825,107.08812,-0.128920000000001,0,0.128789999999999,-1.23074,1.22593999999999,3,247.81037,0.30586,0.14471,0.0952,0.05431,0.10966,6e-04,0.01,190
52.08681,0,16.45387,63.58751,108.31406,-0.129379999999998,0,0.129240000000003,-1.23358,1.22855,3,247.81037,0.30586,0.14471,0.0952,0.05431,0.10966,6e-04,0.01,191
51.95743,0,16.58311,62.35393,109.54261,-0.129820000000002,0,0.129679999999997,-1.23613,1.23087000000001,3,247.81037,0.30586,0.14471,0.0952,0.05431,0.10966,6e-04,0.01,192
51.82761,0,16.71279,61.1178,110.77348,-0.130270000000003,0,0.130130000000001,-1.23837,1.23286999999999,3,247.81037,0.30586,0.14471,0.0952,0.05431,0.10966,6e-04,0.01,193
51.69734,0,16.84292,59.87943,112.00635,-0.130709999999993,0,0.130580000000002,-1.24032,1.23454,3,247.81037,0.30586,0.14471,0.0952,0.05431,0.10966,6e-04,0.01,194
51.56663,0,16.9735,58.63911,113.24089,-0.131160000000001,0,0.13101,-1.24193,1.23589000000001,3,247.81037,0.30586,0.14471,0.0952,0.05431,0.10966,6e-04,0.01,195
51.43547,0,17.10451,57.39718,114.47678,-0.131590000000003,0,0.131449999999997,-1.24319,1.23687,3,247.81037,0.30586,0.14471,0.0952,0.05431,0.10966,6e-04,0.01,196
51.30388,0,17.23596,56.15399,115.71365,-0.13203,0,0.131890000000002,-1.2441,1.23747,3,247.81037,0.30586,0.14471,0.0952,0.05431,0.10966,6e-04,0.01,197
51.17185,0,17.36785,54.90989,116.95112,-0.132469999999998,0,0.13232,-1.24462,1.23769,3,247.81037,0.30586,0.14471,0.0952,0.05431,0.10966,6e-04,0.01,198
51.03938,0,17.50017,53.66527,118.18881,-0.132899999999999,0,0.132749999999998,-1.24475,1.23748999999999,3,247.81037,0.30586,0.14471,0.0952,0.05431,0.10966,6e-04,0.01,199
50.90648,0,17.63292,52.42052,119.4263,-0.133330000000001,0,0.133180000000003,-1.24447000000001,1.23685,3,247.81037,0.30586,0.14471,0.0952,0.05431,0.10966,6e-04,0.01,200
50.77315,0,17.7661,51.17605,120.66315,-0.133749999999999,0,0.133599999999998,-1.24374,1.23577,3,247.81037,0.30586,0.14471,0.0952,0.05431,0.10966,6e-04,0.01,201
50.6394,0,17.8997,49.93231,121.89892,-0.134180000000001,0,0.134029999999999,-1.24257,1.2342,3,247.81037,0.30586,0.14471,0.0952,0.05431,0.10966,6e-04,0.01,202
50.50522,0,18.03373,48.68974,123.13312,-0.134590000000003,0,0.134440000000001,-1.24091,1.23215999999999,3,247.81037,0.30586,0.14471,0.0952,0.05431,0.10966,6e-04,0.01,203
50.37063,0,18.16817,47.44883,124.36528,-0.135019999999997,0,0.13486,-1.23875,1.22957,3,247.81037,0.30586,0.14471,0.0952,0.05431,0.10966,6e-04,0.01,204
50.23561,0,18.30303,46.21008,125.59485,-0.135429999999999,0,0.135280000000002,-1.23607,1.22646,3,247.81037,0.30586,0.14471,0.0952,0.05431,0.10966,6e-04,0.01,205
50.10018,0,18.43831,44.97401,126.82131,-0.135850000000005,0,0.135679999999997,-1.23285,1.22277000000001,3,247.81037,0.30586,0.14471,0.0952,0.05431,0.10966,6e-04,0.01,206
49.96433,0,18.57399,43.74116,128.04408,-0.136249999999997,0,0.136100000000003,-1.22904,1.21850000000001,3,247.81037,0.30586,0.14471,0.0952,0.05431,0.10966,6e-04,0.01,207
49.82808,0,18.71009,42.51212,129.26258,-0.136659999999999,0,0.136489999999998,-1.22466,1.21359999999999,3,247.81037,0.30586,0.14471,0.0952,0.05431,0.10966,6e-04,0.01,208
49.69142,0,18.84658,41.28746,130.47618,-0.137059999999998,0,0.136900000000001,-1.21963,1.20805000000001,3,247.81037,0.30586,0.14471,0.0952,0.05431,0.10966,6e-04,0.01,209
49.55436,0,18.98348,40.06783,131.68423,-0.13747,0,0.1373,-1.21397,1.20183999999998,3,247.81037,0.30586,0.14471,0.0952,0.05431,0.10966,6e-04,0.01,210
49.41689,0,19.12078,38.85386,132.88607,-0.137860000000003,0,0.137699999999999,-1.20762999999999,1.19492000000002,3,247.81037,0.30586,0.14471,0.0952,0.05431,0.10966,6e-04,0.01,211
49.27903,0,19.25848,37.64623,134.08099,-0.138249999999999,0,0.138080000000002,-1.20057000000001,1.18726999999998,3,247.81037,0.30586,0.14471,0.0952,0.05431,0.10966,6e-04,0.01,212
49.14078,0,19.39656,36.44566,135.26826,-0.138649999999998,0,0.138479999999998,-1.1928,1.17887999999999,3,247.81037,0.30586,0.14471,0.0952,0.05431,0.10966,6e-04,0.01,213
49.00213,0,19.53504,35.25286,136.44714,-0.139029999999998,0,0.138860000000001,-1.18425,1.16969,3,247.81037,0.30586,0.14471,0.0952,0.05431,0.10966,6e-04,0.01,214
48.8631,0,19.6739,34.06861,137.61683,-0.139410000000005,0,0.139240000000001,-1.17492,1.15969000000001,3,247.81037,0.30586,0.14471,0.0952,0.05431,0.10966,6e-04,0.01,215
48.72369,0,19.81314,32.89369,138.77652,-0.139800000000001,0,0.139620000000001,-1.16478,1.14885999999998,3,247.81037,0.30586,0.14471,0.0952,0.05431,0.10966,6e-04,0.01,216
48.58389,0,19.95276,31.72891,139.92538,-0.140169999999998,0,0.139989999999997,-1.15379,1.13715000000002,3,247.81037,0.30586,0.14471,0.0952,0.05431,0.10966,6e-04,0.01,217
48.44372,0,20.09275,30.57512,141.06253,-0.140549999999998,0,0.140370000000001,-1.14194,1.12456,3,247.81037,0.30586,0.14471,0.0952,0.05431,0.10966,6e-04,0.01,218
48.30317,0,20.23312,29.43318,142.18709,-0.140920000000001,0,0.140740000000001,-1.12918,1.11104999999998,3,247.81037,0.30586,0.14471,0.0952,0.05431,0.10966,6e-04,0.01,219
48.16225,0,20.37386,28.304,143.29814,-0.141280000000002,0,0.141099999999998,-1.11551,1.09660000000002,3,247.81037,0.30586,0.14471,0.0952,0.05431,0.10966,6e-04,0.01,220
48.02097,0,20.51496,27.18849,144.39474,-0.141649999999998,0,0.141460000000002,-1.1009,1.08121,3,247.81037,0.30586,0.14471,0.0952,0.05431,0.10966,6e-04,0.01,221
47.87932,0,20.65642,26.08759,145.47595,-0.142000000000003,0,0.141819999999999,-1.08533,1.06482,3,247.81037,0.30586,0.14471,0.0952,0.05431,0.10966,6e-04,0.01,222
47.73732,0,20.79824,25.00226,146.54077,-0.142359999999996,0,0.14217,-1.06879,1.04747,3,247.81037,0.30586,0.14471,0.0952,0.05431,0.10966,6e-04,0.01,223
47.59496,0,20.94041,23.93347,147.58824,-0.142719999999997,0,0.142530000000001,-1.05126,1.02911999999998,3,247.81037,0.30586,0.14471,0.0952,0.05431,0.10966,6e-04,0.01,224
47.45224,0,21.08294,22.88221,148.61736,-0.143060000000006,0,0.142869999999998,-1.03274,1.00977,3,247.81037,0.30586,0.14471,0.0952,0.05431,0.10966,6e-04,0.01,225
47.30918,0,21.22581,21.84947,149.62713,-0.1434,0,0.14321,-1.01321,0.989419999999996,3,247.81037,0.30586,0.14471,0.0952,0.05431,0.10966,6e-04,0.01,226
47.16578,0,21.36902,20.83626,150.61655,-0.143749999999997,0,0.143550000000001,-0.99269,0.968090000000018,3,247.81037,0.30586,0.14471,0.0952,0.05431,0.10966,6e-04,0.01,227
47.02203,0,21.51257,19.84357,151.58464,-0.144080000000002,0,0.143879999999999,-0.97119,0.945789999999988,3,247.81037,0.30586,0.14471,0.0952,0.05431,0.10966,6e-04,0.01,228
46.87795,0,21.65645,18.87238,152.53043,-0.144410000000001,0,0.144210000000001,-0.948709999999998,0.922529999999995,3,247.81037,0.30586,0.14471,0.0952,0.05431,0.10966,6e-04,0.01,229
46.73354,0,21.80066,17.92367,153.45296,-0.144749999999995,0,0.144549999999999,-0.925280000000001,0.89837,3,247.81037,0.30586,0.14471,0.0952,0.05431,0.10966,6e-04,0.01,230
46.58879,0,21.94521,16.99839,154.35133,-0.145060000000001,0,0.144860000000001,-0.900950000000002,0.87333000000001,3,247.81037,0.30586,0.14471,0.0952,0.05431,0.10966,6e-04,0.01,231
46.44373,0,22.09007,16.09744,155.22466,-0.145389999999999,0,0.14518,-0.875739999999999,0.847460000000012,3,247.81037,0.30586,0.14471,0.0952,0.05431,0.10966,6e-04,0.01,232
46.29834,0,22.23525,15.2217,156.07212,-0.145700000000005,0,0.145499999999998,-0.8497,0.820809999999994,3,247.81037,0.30586,0.14471,0.0952,0.05431,0.10966,6e-04,0.01,233
46.15264,0,22.38075,14.372,156.89293,-0.14602,0,0.145800000000001,-0.822900000000001,0.793479999999988,3,247.81037,0.30586,0.14471,0.0952,0.05431,0.10966,6e-04,0.01,234
46.00662,0,22.52655,13.5491,157.68641,-0.146319999999996,0,0.14611,-0.795399999999999,0.765520000000009,3,247.81037,0.30586,0.14471,0.0952,0.05431,0.10966,6e-04,0.01,235
45.8603,0,22.67266,12.7537,158.45193,-0.146630000000002,0,0.146409999999999,-0.767290000000001,0.737030000000004,3,247.81037,0.30586,0.14471,0.0952,0.05431,0.10966,6e-04,0.01,236
45.71367,0,22.81907,11.98641,159.18896,-0.146920000000001,0,0.146709999999999,-0.738659999999999,0.708089999999999,3,247.81037,0.30586,0.14471,0.0952,0.05431,0.10966,6e-04,0.01,237
45.56675,0,22.96578,11.24775,159.89705,-0.147219999999997,0,0.147010000000002,-0.709580000000001,0.67883999999998,3,247.81037,0.30586,0.14471,0.0952,0.05431,0.10966,6e-04,0.01,238
45.41953,0,23.11279,10.53817,160.57589,-0.14752,0,0.147289999999998,-0.68018,0.649350000000027,3,247.81037,0.30586,0.14471,0.0952,0.05431,0.10966,6e-04,0.01,239
45.27201,0,23.26008,9.85799,161.22524,-0.147790000000001,0,0.147570000000002,-0.650569999999998,0.619749999999982,3,247.81037,0.30586,0.14471,0.0952,0.05431,0.10966,6e-04,0.01,240
45.12422,0,23.40765,9.20742,161.84499,-0.14808,0,0.147860000000001,-0.62086,0.590180000000004,3,247.81037,0.30586,0.14471,0.0952,0.05431,0.10966,6e-04,0.01,241
44.97614,0,23.55551,8.58656,162.43517,-0.148360000000004,0,0.148129999999998,-0.59116,0.560730000000007,3,247.81037,0.30586,0.14471,0.0952,0.05431,0.10966,6e-04,0.01,242
44.82778,0,23.70364,7.9954,162.9959,-0.148629999999997,0,0.148389999999999,-0.56161,0.531540000000007,3,247.81037,0.30586,0.14471,0.0952,0.05431,0.10966,6e-04,0.01,243
44.67915,0,23.85203,7.43379,163.52744,-0.148890000000002,0,0.148669999999999,-0.53232,0.502709999999979,3,247.81037,0.30586,0.14471,0.0952,0.05431,0.10966,6e-04,0.01,244
44.53026,0,24.0007,6.90147,164.03015,-0.149159999999995,0,0.14893,-0.50341,0.474379999999996,3,247.81037,0.30586,0.14471,0.0952,0.05431,0.10966,6e-04,0.01,245
44.3811,0,24.14963,6.39806,164.50453,-0.149420000000006,0,0.149180000000001,-0.47499,0.446629999999999,3,247.81037,0.30586,0.14471,0.0952,0.05431,0.10966,6e-04,0.01,246
44.23168,0,24.29881,5.92307,164.95116,-0.14967,0,0.149440000000002,-0.44717,0.419589999999999,3,247.81037,0.30586,0.14471,0.0952,0.05431,0.10966,6e-04,0.01,247
44.08201,0,24.44825,5.4759,165.37075,-0.149929999999998,0,0.14968,-0.42006,0.39333000000002,3,247.81037,0.30586,0.14471,0.0952,0.05431,0.10966,6e-04,0.01,248
43.93208,0,24.59793,5.05584,165.76408,-0.15016,0,0.149919999999998,-0.39373,0.367940000000004,3,247.81037,0.30586,0.14471,0.0952,0.05431,0.10966,6e-04,0.01,249
43.78192,0,24.74785,4.66211,166.13202,-0.150410000000001,0,0.150169999999999,-0.36829,0.343469999999996,3,247.81037,0.30586,0.14471,0.0952,0.05431,0.10966,6e-04,0.01,250
43.63151,0,24.89802,4.29382,166.47549,-0.150639999999996,0,0.150390000000002,-0.34377,0.319999999999993,3,247.81037,0.30586,0.14471,0.0952,0.05431,0.10966,6e-04,0.01,251
43.48087,0,25.04841,3.95005,166.79549,-0.150870000000005,0,0.15063,-0.32027,0.297560000000004,3,247.81037,0.30586,0.14471,0.0952,0.05431,0.10966,6e-04,0.01,252
43.33,0,25.19904,3.62978,167.09305,-0.1511,0,0.150839999999999,-0.29778,0.276199999999989,3,247.81037,0.30586,0.14471,0.0952,0.05431,0.10966,6e-04,0.01,253
43.1789,0,25.34988,3.332,167.36925,-0.151319999999998,0,0.151070000000001,-0.27639,0.25591,3,247.81037,0.30586,0.14471,0.0952,0.05431,0.10966,6e-04,0.01,254
43.02758,0,25.50095,3.05561,167.62516,-0.151539999999997,0,0.15128,-0.25607,0.236729999999994,3,247.81037,0.30586,0.14471,0.0952,0.05431,0.10966,6e-04,0.01,255
42.87604,0,25.65223,2.79954,167.86189,-0.151740000000004,0,0.151479999999999,-0.23687,0.218630000000019,3,247.81037,0.30586,0.14471,0.0952,0.05431,0.10966,6e-04,0.01,256
42.7243,0,25.80371,2.56267,168.08052,-0.151949999999999,0,0.151690000000002,-0.21875,0.201619999999991,3,247.81037,0.30586,0.14471,0.0952,0.05431,0.10966,6e-04,0.01,257
42.57235,0,25.9554,2.34392,168.28214,-0.152149999999999,0,0.151889999999998,-0.20171,0.185679999999991,3,247.81037,0.30586,0.14471,0.0952,0.05431,0.10966,6e-04,0.01,258
42.4202,0,26.10729,2.14221,168.46782,-0.152349999999998,0,0.152080000000002,-0.18576,0.170770000000005,3,247.81037,0.30586,0.14471,0.0952,0.05431,0.10966,6e-04,0.01,259
42.26785,0,26.25937,1.95645,168.63859,-0.152540000000002,0,0.152269999999998,-0.17084,0.156859999999995,3,247.81037,0.30586,0.14471,0.0952,0.05431,0.10966,6e-04,0.01,260
42.11531,0,26.41164,1.78561,168.79545,-0.152720000000002,0,0.152460000000001,-0.15692,0.143930000000012,3,247.81037,0.30586,0.14471,0.0952,0.05431,0.10966,6e-04,0.01,261
41.96259,0,26.5641,1.62869,168.93938,-0.152909999999999,0,0.152629999999998,-0.14397,0.131910000000005,3,247.81037,0.30586,0.14471,0.0952,0.05431,0.10966,6e-04,0.01,262
41.80968,0,26.71673,1.48472,169.07129,-0.15307,0,0.152800000000003,-0.13196,0.12079,3,247.81037,0.30586,0.14471,0.0952,0.05431,0.10966,6e-04,0.01,263
41.65661,0,26.86953,1.35276,169.19208,-0.15325,0,0.152979999999999,-0.12082,0.110510000000005,3,247.81037,0.30586,0.14471,0.0952,0.05431,0.10966,6e-04,0.01,264
41.50336,0,27.02251,1.23194,169.30259,-0.153420000000004,0,0.153130000000001,-0.11053,0.100999999999999,3,247.81037,0.30586,0.14471,0.0952,0.05431,0.10966,6e-04,0.01,265
41.34994,0,27.17564,1.12141,169.40359,-0.153569999999995,0,0.153289999999998,-0.10103,0.0922599999999818,3,247.81037,0.30586,0.14471,0.0952,0.05431,0.10966,6e-04,0.01,266
41.19637,0,27.32893,1.02038,169.49585,-0.153730000000003,0,0.153449999999999,-0.0922700000000001,0.0842000000000098,3,247.81037,0.30586,0.14471,0.0952,0.05431,0.10966,6e-04,0.01,267
41.04264,0,27.48238,0.92811,169.58005,-0.153880000000001,0,0.153590000000001,-0.08422,0.0767999999999915,3,247.81037,0.30586,0.14471,0.0952,0.05431,0.10966,6e-04,0.01,268
40.88876,0,27.63597,0.84389,169.65685,-0.154019999999996,0,0.153729999999999,-0.07681,0.0700099999999964,3,247.81037,0.30586,0.14471,0.0952,0.05431,0.10966,6e-04,0.01,269
40.73474,0,27.7897,0.76708,169.72686,-0.154160000000005,0,0.153870000000001,-0.07002,0.0637800000000084,3,247.81037,0.30586,0.14471,0.0952,0.05431,0.10966,6e-04,0.01,270
40.58058,0,27.94357,0.69706,169.79064,-0.154289999999996,0,0.154,-0.06379,0.0580899999999929,3,247.81037,0.30586,0.14471,0.0952,0.05431,0.10966,6e-04,0.01,271
40.42629,0,28.09757,0.63327,169.84873,-0.154430000000005,0,0.154119999999999,-0.05809,0.0528600000000097,3,247.81037,0.30586,0.14471,0.0952,0.05431,0.10966,6e-04,0.01,272
40.27186,0,28.25169,0.57518,169.90159,-0.154539999999997,0,0.154250000000001,-0.05288,0.0481000000000051,3,247.81037,0.30586,0.14471,0.0952,0.05431,0.10966,6e-04,0.01,273
40.11732,0,28.40594,0.5223,169.94969,-0.15466,0,0.15436,-0.0481,0.0437499999999886,3,247.81037,0.30586,0.14471,0.0952,0.05431,0.10966,6e-04,0.01,274
39.96266,0,28.5603,0.4742,169.99344,-0.154769999999999,0,0.15447,-0.04375,0.0397800000000075,3,247.81037,0.30586,0.14471,0.0952,0.05431,0.10966,6e-04,0.01,275
39.80789,0,28.71477,0.43045,170.03322,-0.154879999999999,0,0.15457,-0.03978,0.0361499999999921,3,247.81037,0.30586,0.14471,0.0952,0.05431,0.10966,6e-04,0.01,276
39.65301,0,28.86934,0.39067,170.06937,-0.154990000000005,0,0.154669999999999,-0.03616,0.0328400000000215,3,247.81037,0.30586,0.14471,0.0952,0.05431,0.10966,6e-04,0.01,277
39.49802,0,29.02401,0.35451,170.10221,-0.155069999999995,0,0.154769999999999,-0.03284,0.0298399999999788,3,247.81037,0.30586,0.14471,0.0952,0.05431,0.10966,6e-04,0.01,278
39.34295,0,29.17878,0.32167,170.13205,-0.155170000000005,0,0.15485,-0.02985,0.0271000000000186,3,247.81037,0.30586,0.14471,0.0952,0.05431,0.10966,6e-04,0.01,279
39.18778,0,29.33363,0.29182,170.15915,-0.155249999999995,0,0.15493,-0.0271,0.0246099999999956,3,247.81037,0.30586,0.14471,0.0952,0.05431,0.10966,6e-04,0.01,280
39.03253,0,29.48856,0.26472,170.18376,-0.155329999999999,0,0.15502,-0.0246,0.0223399999999856,3,247.81037,0.30586,0.14471,0.0952,0.05431,0.10966,6e-04,0.01,281
38.8772,0,29.64358,0.24012,170.2061,-0.155410000000003,0,0.155080000000002,-0.02234,0.0202700000000107,3,247.81037,0.30586,0.14471,0.0952,0.05431,0.10966,6e-04,0.01,282
38.72179,0,29.79866,0.21778,170.22637,-0.155470000000001,0,0.155149999999999,-0.02028,0.0184099999999887,3,247.81037,0.30586,0.14471,0.0952,0.05431,0.10966,6e-04,0.01,283
38.56632,0,29.95381,0.1975,170.24478,-0.155529999999999,0,0.155200000000001,-0.0184,0.0166900000000112,3,247.81037,0.30586,0.14471,0.0952,0.05431,0.10966,6e-04,0.01,284
38.41079,0,30.10901,0.1791,170.26147,-0.1556,0,0.155269999999998,-0.0167,0.0151500000000055,3,247.81037,0.30586,0.14471,0.0952,0.05431,0.10966,6e-04,0.01,285
38.25519,0,30.26428,0.1624,170.27662,-0.155639999999998,0,0.15531,-0.01515,0.0137499999999875,3,247.81037,0.30586,0.14471,0.0952,0.05431,0.10966,6e-04,0.01,286
38.09955,0,30.41959,0.14725,170.29037,-0.15569,0,0.155360000000002,-0.01375,0.0124600000000044,3,247.81037,0.30586,0.14471,0.0952,0.05431,0.10966,6e-04,0.01,287
37.94386,0,30.57495,0.1335,170.30283,-0.155729999999998,0,0.155390000000001,-0.01246,0.0113100000000088,3,247.81037,0.30586,0.14471,0.0952,0.05431,0.10966,6e-04,0.01,288
37.78813,0,30.73034,0.12104,170.31414,-0.155770000000004,0,0.155429999999999,-0.01131,0.0102599999999882,3,247.81037,0.30586,0.14471,0.0952,0.05431,0.10966,6e-04,0.01,289
37.63236,0,30.88577,0.10973,170.3244,-0.155789999999996,0,0.155449999999998,-0.01026,0.00929999999999609,3,247.81037,0.30586,0.14471,0.0952,0.05431,0.10966,6e-04,0.01,290
37.47657,0,31.04122,0.09947,170.3337,-0.155820000000006,0,0.155470000000001,-0.00929000000000001,0.00843000000000416,3,247.81037,0.30586,0.14471,0.0952,0.05431,0.10966,6e-04,0.01,291
37.32075,0,31.19669,0.09018,170.34213,-0.155839999999998,0,0.15549,-0.00844,0.00764000000000919,3,247.81037,0.30586,0.14471,0.0952,0.05431,0.10966,6e-04,0.01,292
37.16491,0,31.35218,0.08174,170.34977,-0.155850000000001,0,0.1555,-0.00763999999999999,0.00693999999998596,3,247.81037,0.30586,0.14471,0.0952,0.05431,0.10966,6e-04,0.01,293
37.00906,0,31.50768,0.0741,170.35671,-0.155859999999997,0,0.15551,-0.00694,0.00628000000000384,3,247.81037,0.30586,0.14471,0.0952,0.05431,0.10966,6e-04,0.01,294
36.8532,0,31.66319,0.06716,170.36299,-0.155860000000004,0,0.15551,-0.00628,0.00569999999999027,3,247.81037,0.30586,0.14471,0.0952,0.05431,0.10966,6e-04,0.01,295
36.69734,0,31.8187,0.06088,170.36869,-0.155859999999997,0,0.15549,-0.0057,0.00517000000002099,3,247.81037,0.30586,0.14471,0.0952,0.05431,0.10966,6e-04,0.01,296
36.54148,0,31.97419,0.05518,170.37386,-0.155839999999998,0,0.15549,-0.00517,0.00467999999997915,3,247.81037,0.30586,0.14471,0.0952,0.05431,0.10966,6e-04,0.01,297
36.38564,0,32.12968,0.05001,170.37854,-0.155830000000002,0,0.155470000000001,-0.00468,0.00425000000001319,3,247.81037,0.30586,0.14471,0.0952,0.05431,0.10966,6e-04,0.01,298
36.22981,0,32.28515,0.04533,170.38279,-0.155819999999999,0,0.155439999999999,-0.00425,0.00383999999999673,3,247.81037,0.30586,0.14471,0.0952,0.05431,0.10966,6e-04,0.01,299
36.07399,0,32.44059,0.04108,170.38663,-0.15578,0,0.155419999999999,-0.00384,0.00348999999999933,3,247.81037,0.30586,0.14471,0.0952,0.05431,0.10966,6e-04,0.01,300
35.91821,0,32.59601,0.03724,170.39012,-0.155750000000005,0,0.155380000000001,-0.00349,0.00316000000000827,3,247.81037,0.30586,0.14471,0.0952,0.05431,0.10966,6e-04,0.01,301
35.76246,0,32.75139,0.03375,170.39328,-0.155719999999995,0,0.155349999999999,-0.00316,0.00287000000000148,3,247.81037,0.30586,0.14471,0.0952,0.05431,0.10966,6e-04,0.01,302
35.60674,0,32.90674,0.03059,170.39615,-0.155670000000001,0,0.155290000000001,-0.00287,0.00260000000000105,3,247.81037,0.30586,0.14471,0.0952,0.05431,0.10966,6e-04,0.01,303
35.45107,0,33.06203,0.02772,170.39875,-0.155630000000002,0,0.155250000000002,-0.0026,0.00235000000000696,3,247.81037,0.30586,0.14471,0.0952,0.05431,0.10966,6e-04,0.01,304
35.29544,0,33.21728,0.02512,170.4011,-0.155569999999997,0,0.155189999999997,-0.00235,0.00213999999999714,3,247.81037,0.30586,0.14471,0.0952,0.05431,0.10966,6e-04,0.01,305
35.13987,0,33.37247,0.02277,170.40324,-0.15551,0,0.15513,-0.00214,0.00192999999998733,3,247.81037,0.30586,0.14471,0.0952,0.05431,0.10966,6e-04,0.01,306
34.98436,0,33.5276,0.02063,170.40517,-0.155450000000002,0,0.155059999999999,-0.00193,0.00175000000001546,3,247.81037,0.30586,0.14471,0.0952,0.05431,0.10966,6e-04,0.01,307
34.82891,0,33.68266,0.0187,170.40692,-0.155380000000001,0,0.154989999999998,-0.00175,0.0015899999999931,3,247.81037,0.30586,0.14471,0.0952,0.05431,0.10966,6e-04,0.01,308
34.67353,0,33.83765,0.01695,170.40851,-0.155299999999997,0,0.154910000000001,-0.00159,0.00144000000000233,3,247.81037,0.30586,0.14471,0.0952,0.05431,0.10966,6e-04,0.01,309
34.51823,0,33.99256,0.01536,170.40995,-0.15522,0,0.154820000000001,-0.00144,0.00130999999998949,3,247.81037,0.30586,0.14471,0.0952,0.05431,0.10966,6e-04,0.01,310
34.36301,0,34.14738,0.01392,170.41126,-0.15513,0,0.154740000000004,-0.00131,0.00118000000000507,3,247.81037,0.30586,0.14471,0.0952,0.05431,0.10966,6e-04,0.01,311
34.20788,0,34.30212,0.01261,170.41244,-0.15504,0,0.154640000000001,-0.00118,0.00106999999999857,3,247.81037,0.30586,0.14471,0.0952,0.05431,0.10966,6e-04,0.01,312
34.05284,0,34.45676,0.01143,170.41351,-0.154940000000003,0,0.154539999999997,-0.00107,0.000969999999995252,3,247.81037,0.30586,0.14471,0.0952,0.05431,0.10966,6e-04,0.01,313
33.8979,0,34.6113,0.01036,170.41448,-0.15484,0,0.154440000000001,-0.000969999999999999,0.000879999999995107,3,247.81037,0.30586,0.14471,0.0952,0.05431,0.10966,6e-04,0.01,314
