"S","A","R","P","C","dS","dA","dR","dP","dC","Q","N","uc_F","lc_f","mu","lmda","phi","kappa","epsilon","t"
5.04127,59.51192,0.01521,181.68515,0,4.60169,-5.03298,0.00952,0,0,10,246.71421,0.26358,0.08865,0.08454,0.11156,0.27982,0.00081,0.01,1
9.64296,54.47894,0.02473,181.68515,0,4.20833,-4.60853,0.014,0,0,10,246.71421,0.26358,0.08865,0.08454,0.11156,0.27982,0.00081,0.01,2
13.85129,49.87041,0.03873,181.68515,0,3.84812,-4.22048,0.01867,0,0,10,246.71421,0.26358,0.08865,0.08454,0.11156,0.27982,0.00081,0.01,3
17.69941,45.64993,0.0574,181.68515,0,3.51817,-3.86575,0.02362,0,0,10,246.71421,0.26358,0.08865,0.08454,0.11156,0.27982,0.00081,0.01,4
21.21758,41.78418,0.08102,181.68515,0,3.2159,-3.54155,0.02885,0,0,10,246.71421,0.26358,0.08865,0.08454,0.11156,0.27982,0.00081,0.01,5
24.43348,38.24263,0.10987,181.68515,0,2.93893,-3.24534999999999,0.03443,0,0,10,246.71421,0.26358,0.08865,0.08454,0.11156,0.27982,0.00081,0.01,6
27.37241,34.99728,0.1443,181.68515,0,2.68504,-2.97478,0.04041,0,0,10,246.71421,0.26358,0.08865,0.08454,0.11156,0.27982,0.00081,0.01,7
30.05745,32.0225,0.18471,181.68515,0,2.45226,-2.72775,0.04686,0,0,10,246.71421,0.26358,0.08865,0.08454,0.11156,0.27982,0.00081,0.01,8
32.50971,29.29475,0.23157,181.68515,0,2.23871,-2.50227,0.05381,0,0,10,246.71421,0.26358,0.08865,0.08454,0.11156,0.27982,0.00081,0.01,9
34.74842,26.79248,0.28538,181.68515,0,2.04273999999999,-2.2966,0.06133,0,0,10,246.71421,0.26358,0.08865,0.08454,0.11156,0.27982,0.00081,0.01,10
36.79116,24.49588,0.34671,181.68515,0,1.86278,-2.10908,0.06945,0,0,10,246.71421,0.26358,0.08865,0.08454,0.11156,0.27982,0.00081,0.01,11
38.65394,22.3868,0.41616,181.68515,0,1.6974,-1.93821,0.07825,0,0,10,246.71421,0.26358,0.08865,0.08454,0.11156,0.27982,0.00081,0.01,12
40.35134,20.44859,0.49441,181.68515,0,1.54532,-1.78263,0.08773,0,0,10,246.71421,0.26358,0.08865,0.08454,0.11156,0.27982,0.00081,0.01,13
41.89666,18.66596,0.58214,181.68515,0,1.40533000000001,-1.64104,0.09793,0,0,10,246.71421,0.26358,0.08865,0.08454,0.11156,0.27982,0.00081,0.01,14
43.30199,17.02492,0.68007,181.68515,0,1.27634,-1.51228,0.10886,0,0,10,246.71421,0.26358,0.08865,0.08454,0.11156,0.27982,0.00081,0.01,15
44.57833,15.51264,0.78893,181.68515,0,1.15734,-1.39523,0.12047,0,0,10,246.71421,0.26358,0.08865,0.08454,0.11156,0.27982,0.00081,0.01,16
45.73567,14.11741,0.9094,181.68515,0,1.04744,-1.28883,0.1327,0,0,10,246.71421,0.26358,0.08865,0.08454,0.11156,0.27982,0.00081,0.01,17
46.78311,12.82858,1.0421,181.68515,0,0.945819999999998,-1.19207,0.14543,0,0,10,246.71421,0.26358,0.08865,0.08454,0.11156,0.27982,0.00081,0.01,18
47.72893,11.63651,1.18753,181.68515,0,0.851710000000004,-1.10399,0.15847,0,0,10,246.71421,0.26358,0.08865,0.08454,0.11156,0.27982,0.00081,0.01,19
48.58064,10.53252,1.346,181.68515,0,0.764479999999999,-1.02359,0.17158,0,0,10,246.71421,0.26358,0.08865,0.08454,0.11156,0.27982,0.00081,0.01,20
49.34512,9.50893,1.51758,181.68515,0,0.68356,-0.9499,0.1844,0,0,10,246.71421,0.26358,0.08865,0.08454,0.11156,0.27982,0.00081,0.01,21
50.02868,8.55903,1.70198,181.68515,0,0.608440000000002,-0.88197,0.19651,0,0,10,246.71421,0.26358,0.08865,0.08454,0.11156,0.27982,0.00081,0.01,22
50.63712,7.67706,1.89849,181.68515,0,0.538719999999998,-0.81884,0.2074,0,0,10,246.71421,0.26358,0.08865,0.08454,0.11156,0.27982,0.00081,0.01,23
51.17584,6.85822,2.10589,181.68515,0,0.474060000000001,-0.75955,0.21654,0,0,10,246.71421,0.26358,0.08865,0.08454,0.11156,0.27982,0.00081,0.01,24
51.6499,6.09867,2.32243,181.68515,0,0.414229999999996,-0.70322,0.22337,0,0,10,246.71421,0.26358,0.08865,0.08454,0.11156,0.27982,0.00081,0.01,25
52.06413,5.39545,2.5458,181.68515,0,0.359020000000001,-0.649100000000001,0.2274,0,0,10,246.71421,0.26358,0.08865,0.08454,0.11156,0.27982,0.00081,0.01,26
52.42315,4.74635,2.7732,181.68515,0,0.30829,-0.59655,0.22823,0,0,10,246.71421,0.26358,0.08865,0.08454,0.11156,0.27982,0.00081,0.01,27
52.73144,4.1498,3.00143,181.68515,0,0.261960000000002,-0.54513,0.22571,0,0,10,246.71421,0.26358,0.08865,0.08454,0.11156,0.27982,0.00081,0.01,28
52.9934,3.60467,3.22714,181.68515,0,0.219920000000002,-0.4947,0.21986,0,0,10,246.71421,0.26358,0.08865,0.08454,0.11156,0.27982,0.00081,0.01,29
53.21332,3.10997,3.447,181.68515,0,0.182089999999995,-0.44531,0.21099,0,0,10,246.71421,0.26358,0.08865,0.08454,0.11156,0.27982,0.00081,0.01,30
53.39541,2.66466,3.65799,181.68515,0,0.148360000000004,-0.39726,0.1996,0,0,10,246.71421,0.26358,0.08865,0.08454,0.11156,0.27982,0.00081,0.01,31
53.54377,2.2674,3.85759,181.68515,0,0.118569999999998,-0.351,0.18638,0,0,10,246.71421,0.26358,0.08865,0.08454,0.11156,0.27982,0.00081,0.01,32
53.66234,1.9164,4.04397,181.68515,0,0.0925099999999972,-0.30706,0.17205,0,0,10,246.71421,0.26358,0.08865,0.08454,0.11156,0.27982,0.00081,0.01,33
53.75485,1.60934,4.21602,181.68515,0,0.0699400000000026,-0.26599,0.157319999999999,0,0,10,246.71421,0.26358,0.08865,0.08454,0.11156,0.27982,0.00081,0.01,34
53.82479,1.34335,4.37334,181.68515,0,0.0506000000000029,-0.22822,0.14285,0,0,10,246.71421,0.26358,0.08865,0.08454,0.11156,0.27982,0.00081,0.01,35
53.87539,1.11513,4.51619,181.68515,0,0.0341499999999968,-0.19404,0.12909,0,0,10,246.71421,0.26358,0.08865,0.08454,0.11156,0.27982,0.00081,0.01,36
53.90954,0.92109,4.64528,181.68515,0,0.0202900000000028,-0.16362,0.116420000000001,0,0,10,246.71421,0.26358,0.08865,0.08454,0.11156,0.27982,0.00081,0.01,37
53.92983,0.75747,4.7617,181.68515,0,0.00869999999999749,-0.13694,0.10502,0,0,10,246.71421,0.26358,0.08865,0.08454,0.11156,0.27982,0.00081,0.01,38
53.93853,0.62053,4.86672,181.68515,0,-0.000939999999999941,-0.11386,0.0949600000000004,0,0,10,246.71421,0.26358,0.08865,0.08454,0.11156,0.27982,0.00081,0.01,39
53.93759,0.50667,4.96168,181.68515,0,-0.00889000000000095,-0.09412,0.0862499999999997,0,0,10,246.71421,0.26358,0.08865,0.08454,0.11156,0.27982,0.00081,0.01,40
53.9287,0.41255,5.04793,181.68515,0,-0.0154300000000021,-0.07742,0.0788099999999998,0,0,10,246.71421,0.26358,0.08865,0.08454,0.11156,0.27982,0.00081,0.01,41
53.91327,0.33513,5.12674,181.68515,0,-0.0207799999999949,-0.06343,0.0725199999999999,0,0,10,246.71421,0.26358,0.08865,0.08454,0.11156,0.27982,0.00081,0.01,42
53.89249,0.2717,5.19926,181.68515,0,-0.0251400000000004,-0.05177,0.0672500000000005,0,0,10,246.71421,0.26358,0.08865,0.08454,0.11156,0.27982,0.00081,0.01,43
53.86735,0.21993,5.26651,181.68515,0,-0.0286900000000045,-0.04215,0.0628799999999998,0,0,10,246.71421,0.26358,0.08865,0.08454,0.11156,0.27982,0.00081,0.01,44
53.83866,0.17778,5.32939,181.68515,0,-0.0315499999999957,-0.03422,0.0592600000000001,0,0,10,246.71421,0.26358,0.08865,0.08454,0.11156,0.27982,0.00081,0.01,45
53.80711,0.14356,5.38865,181.68515,0,-0.0338700000000003,-0.02774,0.0562800000000001,0,0,10,246.71421,0.26358,0.08865,0.08454,0.11156,0.27982,0.00081,0.01,46
53.77324,0.11582,5.44493,181.68515,0,-0.0357500000000002,-0.02244,0.0538499999999997,0,0,10,246.71421,0.26358,0.08865,0.08454,0.11156,0.27982,0.00081,0.01,47
53.73749,0.09338,5.49878,181.68515,0,-0.0372400000000042,-0.01814,0.0518599999999996,0,0,10,246.71421,0.26358,0.08865,0.08454,0.11156,0.27982,0.00081,0.01,48
53.70025,0.07524,5.55064,181.68515,0,-0.0384599999999935,-0.01464,0.0502400000000005,0,0,10,246.71421,0.26358,0.08865,0.08454,0.11156,0.27982,0.00081,0.01,49
53.66179,0.0606,5.60088,181.68515,0,-0.0394200000000069,-0.01181,0.0489100000000002,0,0,10,246.71421,0.26358,0.08865,0.08454,0.11156,0.27982,0.00081,0.01,50
53.62237,0.04879,5.64979,181.68515,0,-0.0401999999999987,-0.00952,0.0478299999999994,0,0,10,246.71421,0.26358,0.08865,0.08454,0.11156,0.27982,0.00081,0.01,51
53.58217,0.03927,5.69762,181.68515,0,-0.0408100000000005,-0.00767,0.0469600000000003,0,0,10,246.71421,0.26358,0.08865,0.08454,0.11156,0.27982,0.00081,0.01,52
53.54136,0.0316,5.74458,181.68515,0,-0.0412999999999997,-0.00618,0.0462299999999995,0,0,10,246.71421,0.26358,0.08865,0.08454,0.11156,0.27982,0.00081,0.01,53
53.50006,0.02542,5.79081,181.68515,0,-0.0416799999999995,-0.00497,0.0456600000000007,0,0,10,246.71421,0.26358,0.08865,0.08454,0.11156,0.27982,0.00081,0.01,54
53.45838,0.02045,5.83647,181.68515,0,-0.0420000000000016,-0.004,0.0451799999999993,0,0,10,246.71421,0.26358,0.08865,0.08454,0.11156,0.27982,0.00081,0.01,55
53.41638,0.01645,5.88165,181.68515,0,-0.0422299999999964,-0.00322,0.0447800000000003,0,0,10,246.71421,0.26358,0.08865,0.08454,0.11156,0.27982,0.00081,0.01,56
53.37415,0.01323,5.92643,181.68515,0,-0.0424099999999967,-0.00259,0.0444700000000005,0,0,10,246.71421,0.26358,0.08865,0.08454,0.11156,0.27982,0.00081,0.01,57
53.33174,0.01064,5.9709,181.68515,0,-0.0425600000000017,-0.00209,0.0441899999999995,0,0,10,246.71421,0.26358,0.08865,0.08454,0.11156,0.27982,0.00081,0.01,58
53.28918,0.00855,6.01509,181.68515,0,-0.042660000000005,-0.00167,0.0439800000000004,0,0,10,246.71421,0.26358,0.08865,0.08454,0.11156,0.27982,0.00081,0.01,59
53.24652,0.00688,6.05907,181.68515,0,-0.0427399999999949,-0.00135,0.0437899999999996,0,0,10,246.71421,0.26358,0.08865,0.08454,0.11156,0.27982,0.00081,0.01,60
53.20378,0.00553,6.10286,181.68515,0,-0.0427999999999997,-0.00108,0.0436399999999999,0,0,10,246.71421,0.26358,0.08865,0.08454,0.11156,0.27982,0.00081,0.01,61
53.16098,0.00445,6.1465,181.68515,0,-0.0428400000000053,-0.00088,0.0435000000000008,0,0,10,246.71421,0.26358,0.08865,0.08454,0.11156,0.27982,0.00081,0.01,62
53.11814,0.00357,6.19,181.68515,0,-0.0428599999999975,-7e-04,0.0433899999999996,0,0,10,246.71421,0.26358,0.08865,0.08454,0.11156,0.27982,0.00081,0.01,63
53.07528,0.00287,6.23339,181.68515,0,-0.0428799999999967,-0.00056,0.0433000000000003,0,0,10,246.71421,0.26358,0.08865,0.08454,0.11156,0.27982,0.00081,0.01,64
53.0324,0.00231,6.27669,181.68515,0,-0.0428800000000038,-0.00045,0.0431999999999997,0,0,10,246.71421,0.26358,0.08865,0.08454,0.11156,0.27982,0.00081,0.01,65
52.98952,0.00186,6.31989,181.68515,0,-0.0428700000000006,-0.00037,0.0431400000000002,0,0,10,246.71421,0.26358,0.08865,0.08454,0.11156,0.27982,0.00081,0.01,66
52.94665,0.00149,6.36303,181.68515,0,-0.0428700000000006,-0.00029,0.0430599999999997,0,0,10,246.71421,0.26358,0.08865,0.08454,0.11156,0.27982,0.00081,0.01,67
52.90378,0.0012,6.40609,181.68515,0,-0.0428499999999943,-0.00024,0.0430099999999998,0,0,10,246.71421,0.26358,0.08865,0.08454,0.11156,0.27982,0.00081,0.01,68
52.86093,0.00096,6.4491,181.68515,0,-0.0428300000000021,-0.00018,0.0429500000000003,0,0,10,246.71421,0.26358,0.08865,0.08454,0.11156,0.27982,0.00081,0.01,69
52.8181,0.00078,6.49205,181.68515,0,-0.0428100000000029,-0.00016,0.0428899999999999,0,0,10,246.71421,0.26358,0.08865,0.08454,0.11156,0.27982,0.00081,0.01,70
52.77529,0.00062,6.53494,181.68515,0,-0.0427800000000005,-0.00012,0.0428500000000005,0,0,10,246.71421,0.26358,0.08865,0.08454,0.11156,0.27982,0.00081,0.01,71
52.73251,5e-04,6.57779,181.68515,0,-0.0427600000000012,-1e-04,0.0428099999999993,0,0,10,246.71421,0.26358,0.08865,0.08454,0.11156,0.27982,0.00081,0.01,72
52.68975,4e-04,6.6206,181.68515,0,-0.0427299999999988,-8e-05,0.0427500000000007,0,0,10,246.71421,0.26358,0.08865,0.08454,0.11156,0.27982,0.00081,0.01,73
52.64702,0.00032,6.66335,181.68515,0,-0.0426999999999964,-6e-05,0.0427200000000001,0,0,10,246.71421,0.26358,0.08865,0.08454,0.11156,0.27982,0.00081,0.01,74
52.60432,0.00026,6.70607,181.68515,0,-0.0426800000000043,-5e-05,0.0426799999999998,0,0,10,246.71421,0.26358,0.08865,0.08454,0.11156,0.27982,0.00081,0.01,75
52.56164,0.00021,6.74875,181.68515,0,-0.0426399999999987,-4e-05,0.0426399999999996,0,0,10,246.71421,0.26358,0.08865,0.08454,0.11156,0.27982,0.00081,0.01,76
52.519,0.00017,6.79139,181.68515,0,-0.0426000000000002,-3e-05,0.0426000000000002,0,0,10,246.71421,0.26358,0.08865,0.08454,0.11156,0.27982,0.00081,0.01,77
52.4764,0.00014,6.83399,181.68515,0,-0.042580000000001,-3e-05,0.0425599999999999,0,0,10,246.71421,0.26358,0.08865,0.08454,0.11156,0.27982,0.00081,0.01,78
52.43382,0.00011,6.87655,181.68515,0,-0.0425399999999954,-2e-05,0.0425300000000002,0,0,10,246.71421,0.26358,0.08865,0.08454,0.11156,0.27982,0.00081,0.01,79
52.39128,9e-05,6.91908,181.68515,0,-0.04251,-2e-05,0.0424899999999999,0,0,10,246.71421,0.26358,0.08865,0.08454,0.11156,0.27982,0.00081,0.01,80
52.34877,7e-05,6.96157,181.68515,0,-0.0424800000000047,-9.99999999999999e-06,0.0424499999999997,0,0,10,246.71421,0.26358,0.08865,0.08454,0.11156,0.27982,0.00081,0.01,81
52.30629,6e-05,7.00402,181.68515,0,-0.0424399999999991,-1e-05,0.0424199999999999,0,0,10,246.71421,0.26358,0.08865,0.08454,0.11156,0.27982,0.00081,0.01,82
52.26385,5e-05,7.04644,181.68515,0,-0.0424099999999967,-1e-05,0.0423800000000005,0,0,10,246.71421,0.26358,0.08865,0.08454,0.11156,0.27982,0.00081,0.01,83
52.22144,4e-05,7.08882,181.68515,0,-0.0423800000000014,-1e-05,0.0423499999999999,0,0,10,246.71421,0.26358,0.08865,0.08454,0.11156,0.27982,0.00081,0.01,84
52.17906,3e-05,7.13117,181.68515,0,-0.0423400000000029,-1e-05,0.0423099999999996,0,0,10,246.71421,0.26358,0.08865,0.08454,0.11156,0.27982,0.00081,0.01,85
52.13672,2e-05,7.17348,181.68515,0,-0.0423099999999934,0,0.0422700000000003,0,0,10,246.71421,0.26358,0.08865,0.08454,0.11156,0.27982,0.00081,0.01,86
52.09441,2e-05,7.21575,181.68515,0,-0.042270000000002,0,0.0422500000000001,0,0,10,246.71421,0.26358,0.08865,0.08454,0.11156,0.27982,0.00081,0.01,87
52.05214,2e-05,7.258,181.68515,0,-0.0422399999999996,-1e-05,0.0422000000000002,0,0,10,246.71421,0.26358,0.08865,0.08454,0.11156,0.27982,0.00081,0.01,88
52.0099,1e-05,7.3002,181.68515,0,-0.0422100000000043,0,0.0421800000000001,0,0,10,246.71421,0.26358,0.08865,0.08454,0.11156,0.27982,0.00081,0.01,89
51.96769,1e-05,7.34238,181.68515,0,-0.0421699999999987,0,0.0421399999999998,0,0,10,246.71421,0.26358,0.08865,0.08454,0.11156,0.27982,0.00081,0.01,90
51.92552,1e-05,7.38452,181.68515,0,-0.0421300000000002,0,0.0420999999999996,0,0,10,246.71421,0.26358,0.08865,0.08454,0.11156,0.27982,0.00081,0.01,91
51.88339,1e-05,7.42662,181.68515,0,-0.042110000000001,0,0.0420699999999998,0,0,10,246.71421,0.26358,0.08865,0.08454,0.11156,0.27982,0.00081,0.01,92
51.84128,1e-05,7.46869,181.68515,0,-0.0420699999999954,-1e-05,0.0420400000000001,0,0,10,246.71421,0.26358,0.08865,0.08454,0.11156,0.27982,0.00081,0.01,93
51.79921,0,7.51073,181.68515,0,-0.042030000000004,0,0.0420000000000007,0,0,10,246.71421,0.26358,0.08865,0.08454,0.11156,0.27982,0.00081,0.01,94
51.75718,0,7.55273,181.68515,0,-0.0420000000000016,0,0.0419699999999992,0,0,10,246.71421,0.26358,0.08865,0.08454,0.11156,0.27982,0.00081,0.01,95
51.71518,0,7.5947,181.68515,0,-0.0419699999999992,0,0.0419300000000007,0,0,10,246.71421,0.26358,0.08865,0.08454,0.11156,0.27982,0.00081,0.01,96
51.67321,0,7.63663,181.68515,0,-0.0419300000000007,0,0.0419,0,0,10,246.71421,0.26358,0.08865,0.08454,0.11156,0.27982,0.00081,0.01,97
51.63128,0,7.67853,181.68515,0,-0.0418999999999983,0,0.0418599999999998,0,0,10,246.71421,0.26358,0.08865,0.08454,0.11156,0.27982,0.00081,0.01,98
51.58938,0,7.72039,181.68515,0,-0.0418699999999959,0,0.0418399999999997,0,0,10,246.71421,0.26358,0.08865,0.08454,0.11156,0.27982,0.00081,0.01,99
51.54751,0,7.76223,181.68515,0,-0.0418300000000045,0,0.0417900000000007,0,0,10,246.71421,0.26358,0.08865,0.08454,0.11156,0.27982,0.00081,0.01,100
51.50568,0,7.80402,181.68515,0,-0.0417899999999989,0,0.0417699999999996,0,0,10,246.71421,0.26358,0.08865,0.08454,0.11156,0.27982,0.00081,0.01,101
51.46389,0,7.84579,181.68515,0,-0.0417699999999996,0,0.0417300000000003,0,0,10,246.71421,0.26358,0.08865,0.08454,0.11156,0.27982,0.00081,0.01,102
51.42212,0,7.88752,181.68515,0,-0.0417300000000012,0,0.04169,0,0,10,246.71421,0.26358,0.08865,0.08454,0.11156,0.27982,0.00081,0.01,103
51.38039,0,7.92921,181.68515,0,-0.0416899999999956,0,0.0416599999999994,0,0,10,246.71421,0.26358,0.08865,0.08454,0.11156,0.27982,0.00081,0.01,104
51.3387,0,7.97087,181.68515,0,-0.0416600000000003,0,0.0416299999999996,0,0,10,246.71421,0.26358,0.08865,0.08454,0.11156,0.27982,0.00081,0.01,105
51.29704,0,8.0125,181.68515,0,-0.0416300000000049,0,0.0416000000000007,0,0,10,246.71421,0.26358,0.08865,0.08454,0.11156,0.27982,0.00081,0.01,106
51.25541,0,8.0541,181.68515,0,-0.0415999999999954,0,0.0415600000000005,0,0,10,246.71421,0.26358,0.08865,0.08454,0.11156,0.27982,0.00081,0.01,107
51.21381,0,8.09566,181.68515,0,-0.041560000000004,0,0.0415200000000002,0,0,10,246.71421,0.26358,0.08865,0.08454,0.11156,0.27982,0.00081,0.01,108
51.17225,0,8.13718,181.68515,0,-0.0415199999999984,0,0.0414999999999992,0,0,10,246.71421,0.26358,0.08865,0.08454,0.11156,0.27982,0.00081,0.01,109
51.13073,0,8.17868,181.68515,0,-0.0414999999999992,0,0.0414499999999993,0,0,10,246.71421,0.26358,0.08865,0.08454,0.11156,0.27982,0.00081,0.01,110
51.08923,0,8.22013,181.68515,0,-0.0414600000000007,0,0.0414300000000001,0,0,10,246.71421,0.26358,0.08865,0.08454,0.11156,0.27982,0.00081,0.01,111
51.04777,0,8.26156,181.68515,0,-0.0414200000000022,0,0.0413899999999998,0,0,10,246.71421,0.26358,0.08865,0.08454,0.11156,0.27982,0.00081,0.01,112
51.00635,0,8.30295,181.68515,0,-0.0413899999999998,0,0.041360000000001,0,0,10,246.71421,0.26358,0.08865,0.08454,0.11156,0.27982,0.00081,0.01,113
50.96496,0,8.34431,181.68515,0,-0.0413599999999974,0,0.0413300000000003,0,0,10,246.71421,0.26358,0.08865,0.08454,0.11156,0.27982,0.00081,0.01,114
50.9236,0,8.38564,181.68515,0,-0.0413300000000021,0,0.04129,0,0,10,246.71421,0.26358,0.08865,0.08454,0.11156,0.27982,0.00081,0.01,115
50.88227,0,8.42693,181.68515,0,-0.0412899999999965,0,0.0412499999999998,0,0,10,246.71421,0.26358,0.08865,0.08454,0.11156,0.27982,0.00081,0.01,116
50.84098,0,8.46818,181.68515,0,-0.0412600000000012,0,0.0412300000000005,0,0,10,246.71421,0.26358,0.08865,0.08454,0.11156,0.27982,0.00081,0.01,117
50.79972,0,8.50941,181.68515,0,-0.0412200000000027,0,0.0411899999999985,0,0,10,246.71421,0.26358,0.08865,0.08454,0.11156,0.27982,0.00081,0.01,118
50.7585,0,8.5506,181.68515,0,-0.0411900000000003,0,0.0411600000000014,0,0,10,246.71421,0.26358,0.08865,0.08454,0.11156,0.27982,0.00081,0.01,119
50.71731,0,8.59176,181.68515,0,-0.0411599999999979,0,0.0411199999999994,0,0,10,246.71421,0.26358,0.08865,0.08454,0.11156,0.27982,0.00081,0.01,120
50.67615,0,8.63288,181.68515,0,-0.0411199999999994,0,0.0410900000000005,0,0,10,246.71421,0.26358,0.08865,0.08454,0.11156,0.27982,0.00081,0.01,121
50.63503,0,8.67397,181.68515,0,-0.041089999999997,0,0.0410599999999999,0,0,10,246.71421,0.26358,0.08865,0.08454,0.11156,0.27982,0.00081,0.01,122
50.59394,0,8.71503,181.68515,0,-0.0410600000000017,0,0.0410199999999996,0,0,10,246.71421,0.26358,0.08865,0.08454,0.11156,0.27982,0.00081,0.01,123
50.55288,0,8.75605,181.68515,0,-0.0410200000000032,0,0.0409900000000007,0,0,10,246.71421,0.26358,0.08865,0.08454,0.11156,0.27982,0.00081,0.01,124
50.51186,0,8.79704,181.68515,0,-0.0409999999999968,0,0.0409599999999983,0,0,10,246.71421,0.26358,0.08865,0.08454,0.11156,0.27982,0.00081,0.01,125
50.47086,0,8.838,181.68515,0,-0.0409500000000023,0,0.0409300000000012,0,0,10,246.71421,0.26358,0.08865,0.08454,0.11156,0.27982,0.00081,0.01,126
50.42991,0,8.87893,181.68515,0,-0.040930000000003,0,0.0408899999999992,0,0,10,246.71421,0.26358,0.08865,0.08454,0.11156,0.27982,0.00081,0.01,127
50.38898,0,8.91982,181.68515,0,-0.0408899999999974,0,0.0408500000000007,0,0,10,246.71421,0.26358,0.08865,0.08454,0.11156,0.27982,0.00081,0.01,128
50.34809,0,8.96067,181.68515,0,-0.0408600000000021,0,0.0408299999999997,0,0,10,246.71421,0.26358,0.08865,0.08454,0.11156,0.27982,0.00081,0.01,129
50.30723,0,9.0015,181.68515,0,-0.0408199999999965,0,0.0407899999999994,0,0,10,246.71421,0.26358,0.08865,0.08454,0.11156,0.27982,0.00081,0.01,130
50.26641,0,9.04229,181.68515,0,-0.0407900000000012,0,0.0407600000000006,0,0,10,246.71421,0.26358,0.08865,0.08454,0.11156,0.27982,0.00081,0.01,131
50.22562,0,9.08305,181.68515,0,-0.0407599999999988,0,0.0407200000000003,0,0,10,246.71421,0.26358,0.08865,0.08454,0.11156,0.27982,0.00081,0.01,132
50.18486,0,9.12377,181.68515,0,-0.0407300000000035,0,0.0406999999999993,0,0,10,246.71421,0.26358,0.08865,0.08454,0.11156,0.27982,0.00081,0.01,133
50.14413,0,9.16447,181.68515,0,-0.0406899999999979,0,0.0406600000000008,0,0,10,246.71421,0.26358,0.08865,0.08454,0.11156,0.27982,0.00081,0.01,134
50.10344,0,9.20513,181.68515,0,-0.0406600000000026,0,0.0406199999999988,0,0,10,246.71421,0.26358,0.08865,0.08454,0.11156,0.27982,0.00081,0.01,135
50.06278,0,9.24575,181.68515,0,-0.040619999999997,0,0.0406000000000013,0,0,10,246.71421,0.26358,0.08865,0.08454,0.11156,0.27982,0.00081,0.01,136
50.02216,0,9.28635,181.68515,0,-0.0405999999999977,0,0.0405599999999993,0,0,10,246.71421,0.26358,0.08865,0.08454,0.11156,0.27982,0.00081,0.01,137
49.98156,0,9.32691,181.68515,0,-0.0405599999999993,0,0.0405200000000008,0,0,10,246.71421,0.26358,0.08865,0.08454,0.11156,0.27982,0.00081,0.01,138
49.941,0,9.36743,181.68515,0,-0.0405200000000008,0,0.0404999999999998,0,0,10,246.71421,0.26358,0.08865,0.08454,0.11156,0.27982,0.00081,0.01,139
49.90048,0,9.40793,181.68515,0,-0.0405000000000015,0,0.0404599999999995,0,0,10,246.71421,0.26358,0.08865,0.08454,0.11156,0.27982,0.00081,0.01,140
49.85998,0,9.44839,181.68515,0,-0.040460000000003,0,0.0404300000000006,0,0,10,246.71421,0.26358,0.08865,0.08454,0.11156,0.27982,0.00081,0.01,141
49.81952,0,9.48882,181.68515,0,-0.0404300000000006,0,0.0403900000000004,0,0,10,246.71421,0.26358,0.08865,0.08454,0.11156,0.27982,0.00081,0.01,142
49.77909,0,9.52921,181.68515,0,-0.0403999999999982,0,0.0403699999999994,0,0,10,246.71421,0.26358,0.08865,0.08454,0.11156,0.27982,0.00081,0.01,143
49.73869,0,9.56958,181.68515,0,-0.0403599999999997,0,0.0403299999999991,0,0,10,246.71421,0.26358,0.08865,0.08454,0.11156,0.27982,0.00081,0.01,144
49.69833,0,9.60991,181.68515,0,-0.0403299999999973,0,0.0403000000000002,0,0,10,246.71421,0.26358,0.08865,0.08454,0.11156,0.27982,0.00081,0.01,145
49.658,0,9.65021,181.68515,0,-0.040300000000002,0,0.04026,0,0,10,246.71421,0.26358,0.08865,0.08454,0.11156,0.27982,0.00081,0.01,146
49.6177,0,9.69047,181.68515,0,-0.0402599999999964,0,0.0402300000000011,0,0,10,246.71421,0.26358,0.08865,0.08454,0.11156,0.27982,0.00081,0.01,147
49.57744,0,9.7307,181.68515,0,-0.0402400000000043,0,0.0401999999999987,0,0,10,246.71421,0.26358,0.08865,0.08454,0.11156,0.27982,0.00081,0.01,148
49.5372,0,9.7709,181.68515,0,-0.0401999999999987,0,0.0401700000000016,0,0,10,246.71421,0.26358,0.08865,0.08454,0.11156,0.27982,0.00081,0.01,149
49.497,0,9.81107,181.68515,0,-0.0401600000000002,0,0.0401399999999992,0,0,10,246.71421,0.26358,0.08865,0.08454,0.11156,0.27982,0.00081,0.01,150
49.45684,0,9.85121,181.68515,0,-0.040140000000001,0,0.0401000000000007,0,0,10,246.71421,0.26358,0.08865,0.08454,0.11156,0.27982,0.00081,0.01,151
49.4167,0,9.89131,181.68515,0,-0.0400999999999954,0,0.0400700000000001,0,0,10,246.71421,0.26358,0.08865,0.08454,0.11156,0.27982,0.00081,0.01,152
49.3766,0,9.93138,181.68515,0,-0.0400700000000001,0,0.0400299999999998,0,0,10,246.71421,0.26358,0.08865,0.08454,0.11156,0.27982,0.00081,0.01,153
49.33653,0,9.97141,181.68515,0,-0.0400400000000047,0,0.0400099999999988,-2.41970000000001,2.418,10,246.71421,0.26358,0.08865,0.08454,0.11156,0.27982,0.00081,0.01,154
49.29649,0,10.01142,179.26545,2.418,-0.122299999999996,0,0.122160000000001,-2.44592999999998,2.44412,10,246.71421,0.26358,0.08865,0.08454,0.11156,0.27982,0.00081,0.01,155
49.17419,0,10.13358,176.81952,4.86212,-0.122990000000001,0,0.122869999999999,-2.47213000000002,2.47021,10,246.71421,0.26358,0.08865,0.08454,0.11156,0.27982,0.00081,0.01,156
49.0512,0,10.25645,174.34739,7.33233,-0.123699999999999,0,0.123560000000001,-2.49829,2.49625,10,246.71421,0.26358,0.08865,0.08454,0.11156,0.27982,0.00081,0.01,157
48.9275,0,10.38001,171.8491,9.82858,-0.124390000000005,0,0.12425,-2.52441999999999,2.52225,10,246.71421,0.26358,0.08865,0.08454,0.11156,0.27982,0.00081,0.01,158
48.80311,0,10.50426,169.32468,12.35083,-0.12509,0,0.12495,-2.55047999999999,2.54818,10,246.71421,0.26358,0.08865,0.08454,0.11156,0.27982,0.00081,0.01,159
48.67802,0,10.62921,166.7742,14.89901,-0.125779999999999,0,0.125639999999999,-2.57647,2.57403,10,246.71421,0.26358,0.08865,0.08454,0.11156,0.27982,0.00081,0.01,160
48.55224,0,10.75485,164.19773,17.47304,-0.126469999999998,0,0.126330000000001,-2.60238000000001,2.59978,10,246.71421,0.26358,0.08865,0.08454,0.11156,0.27982,0.00081,0.01,161
48.42577,0,10.88118,161.59535,20.07282,-0.12717,0,0.12702,-2.62818999999999,2.62542,10,246.71421,0.26358,0.08865,0.08454,0.11156,0.27982,0.00081,0.01,162
48.2986,0,11.0082,158.96716,22.69824,-0.127850000000002,0,0.127699999999999,-2.65389000000002,2.65094,10,246.71421,0.26358,0.08865,0.08454,0.11156,0.27982,0.00081,0.01,163
48.17075,0,11.1359,156.31327,25.34918,-0.128540000000001,0,0.128390000000001,-2.67945,2.67632,10,246.71421,0.26358,0.08865,0.08454,0.11156,0.27982,0.00081,0.01,164
48.04221,0,11.26429,153.63382,28.0255,-0.12923,0,0.12908,-2.70487,2.70152,10,246.71421,0.26358,0.08865,0.08454,0.11156,0.27982,0.00081,0.01,165
47.91298,0,11.39337,150.92895,30.72702,-0.129909999999995,0,0.129759999999999,-2.73009999999999,2.72654,10,246.71421,0.26358,0.08865,0.08454,0.11156,0.27982,0.00081,0.01,166
47.78307,0,11.52313,148.19885,33.45356,-0.130600000000001,0,0.13044,-2.75515999999999,2.75136,10,246.71421,0.26358,0.08865,0.08454,0.11156,0.27982,0.00081,0.01,167
47.65247,0,11.65357,145.44369,36.20492,-0.131270000000001,0,0.13111,-2.77999,2.77594,10,246.71421,0.26358,0.08865,0.08454,0.11156,0.27982,0.00081,0.01,168
47.5212,0,11.78468,142.6637,38.98086,-0.131950000000003,0,0.131790000000001,-2.80459000000002,2.80026,10,246.71421,0.26358,0.08865,0.08454,0.11156,0.27982,0.00081,0.01,169
47.38925,0,11.91647,139.85911,41.78112,-0.132619999999996,0,0.13247,-2.82891999999998,2.82429,10,246.71421,0.26358,0.08865,0.08454,0.11156,0.27982,0.00081,0.01,170
47.25663,0,12.04894,137.03019,44.60541,-0.133299999999998,0,0.133139999999999,-2.85296,2.84801,10,246.71421,0.26358,0.08865,0.08454,0.11156,0.27982,0.00081,0.01,171
47.12333,0,12.18208,134.17723,47.45342,-0.133970000000005,0,0.133800000000001,-2.87666000000002,2.87138,10,246.71421,0.26358,0.08865,0.08454,0.11156,0.27982,0.00081,0.01,172
46.98936,0,12.31588,131.30057,50.3248,-0.134639999999997,0,0.13447,-2.90000999999998,2.89434,10,246.71421,0.26358,0.08865,0.08454,0.11156,0.27982,0.00081,0.01,173
46.85472,0,12.45035,128.40056,53.21914,-0.135300000000001,0,0.13513,-2.92296000000002,2.9169,10,246.71421,0.26358,0.08865,0.08454,0.11156,0.27982,0.00081,0.01,174
46.71942,0,12.58548,125.4776,56.13604,-0.13597,0,0.1358,-2.94546,2.93896,10,246.71421,0.26358,0.08865,0.08454,0.11156,0.27982,0.00081,0.01,175
46.58345,0,12.72128,122.53214,59.075,-0.136620000000001,0,0.13645,-2.9675,2.96052,10,246.71421,0.26358,0.08865,0.08454,0.11156,0.27982,0.00081,0.01,176
46.44683,0,12.85773,119.56464,62.03552,-0.137279999999997,0,0.1371,-2.98899,2.98149,10,246.71421,0.26358,0.08865,0.08454,0.11156,0.27982,0.00081,0.01,177
46.30955,0,12.99483,116.57565,65.01701,-0.13794,0,0.13776,-3.0099,3.00185,10,246.71421,0.26358,0.08865,0.08454,0.11156,0.27982,0.00081,0.01,178
46.17161,0,13.13259,113.56575,68.01886,-0.138580000000005,0,0.138399999999999,-3.03017999999999,3.02150999999999,10,246.71421,0.26358,0.08865,0.08454,0.11156,0.27982,0.00081,0.01,179
46.03303,0,13.27099,110.53557,71.04037,-0.139229999999998,0,0.139050000000001,-3.04974,3.04041000000001,10,246.71421,0.26358,0.08865,0.08454,0.11156,0.27982,0.00081,0.01,180
45.8938,0,13.41004,107.48583,74.08078,-0.139870000000002,0,0.13969,-3.06853000000001,3.05847,10,246.71421,0.26358,0.08865,0.08454,0.11156,0.27982,0.00081,0.01,181
45.75393,0,13.54973,104.4173,77.13925,-0.140519999999995,0,0.140330000000001,-3.08647999999999,3.07561,10,246.71421,0.26358,0.08865,0.08454,0.11156,0.27982,0.00081,0.01,182
45.61341,0,13.69006,101.33082,80.21486,-0.141150000000003,0,0.14096,-3.10348,3.09175,10,246.71421,0.26358,0.08865,0.08454,0.11156,0.27982,0.00081,0.01,183
45.47226,0,13.83102,98.22734,83.30661,-0.141779999999997,0,0.141589999999999,-3.11945,3.10677,10,246.71421,0.26358,0.08865,0.08454,0.11156,0.27982,0.00081,0.01,184
45.33048,0,13.97261,95.10789,86.41338,-0.142409999999998,0,0.14222,-3.13431,3.12056,10,246.71421,0.26358,0.08865,0.08454,0.11156,0.27982,0.00081,0.01,185
45.18807,0,14.11483,91.97358,89.53394,-0.143040000000006,0,0.14284,-3.14789999999999,3.133,10,246.71421,0.26358,0.08865,0.08454,0.11156,0.27982,0.00081,0.01,186
45.04503,0,14.25767,88.82568,92.66694,-0.143659999999997,0,0.143460000000001,-3.16013000000001,3.14395,10,246.71421,0.26358,0.08865,0.08454,0.11156,0.27982,0.00081,0.01,187
44.90137,0,14.40113,85.66555,95.81089,-0.144269999999999,0,0.144069999999999,-3.17083,3.15324,10,246.71421,0.26358,0.08865,0.08454,0.11156,0.27982,0.00081,0.01,188
44.7571,0,14.5452,82.49472,98.96413,-0.144880000000001,0,0.144680000000001,-3.17986000000001,3.16071000000001,10,246.71421,0.26358,0.08865,0.08454,0.11156,0.27982,0.00081,0.01,189
44.61222,0,14.68988,79.31486,102.12484,-0.145499999999998,0,0.145289999999999,-3.18705,3.16615999999999,10,246.71421,0.26358,0.08865,0.08454,0.11156,0.27982,0.00081,0.01,190
44.46672,0,14.83517,76.12781,105.291,-0.146090000000001,0,0.14588,-3.19217999999999,3.16937,10,246.71421,0.26358,0.08865,0.08454,0.11156,0.27982,0.00081,0.01,191
44.32063,0,14.98105,72.93563,108.46037,-0.146700000000003,0,0.14649,-3.19503,3.17009,10,246.71421,0.26358,0.08865,0.08454,0.11156,0.27982,0.00081,0.01,192
44.17393,0,15.12754,69.7406,111.63046,-0.147289999999998,0,0.147069999999999,-3.19537,3.16803,10,246.71421,0.26358,0.08865,0.08454,0.11156,0.27982,0.00081,0.01,193
44.02664,0,15.27461,66.54523,114.79849,-0.147869999999998,0,0.14766,-3.1929,3.16291,10,246.71421,0.26358,0.08865,0.08454,0.11156,0.27982,0.00081,0.01,194
43.87877,0,15.42227,63.35233,117.9614,-0.148470000000003,0,0.148240000000001,-3.18731,3.15435000000001,10,246.71421,0.26358,0.08865,0.08454,0.11156,0.27982,0.00081,0.01,195
43.7303,0,15.57051,60.16502,121.11575,-0.149039999999999,0,0.148819999999999,-3.17825,3.14193999999999,10,246.71421,0.26358,0.08865,0.08454,0.11156,0.27982,0.00081,0.01,196
43.58126,0,15.71933,56.98677,124.25769,-0.149610000000003,0,0.14939,-3.16531,3.12528,10,246.71421,0.26358,0.08865,0.08454,0.11156,0.27982,0.00081,0.01,197
43.43165,0,15.86872,53.82146,127.38297,-0.150189999999995,0,0.14996,-3.14803,3.10380000000001,10,246.71421,0.26358,0.08865,0.08454,0.11156,0.27982,0.00081,0.01,198
43.28146,0,16.01868,50.67343,130.48677,-0.150740000000006,0,0.150510000000001,-3.12591,3.07697999999999,10,246.71421,0.26358,0.08865,0.08454,0.11156,0.27982,0.00081,0.01,199
43.13072,0,16.16919,47.54752,133.56375,-0.151309999999995,0,0.151070000000001,-3.09838,3.04416000000001,10,246.71421,0.26358,0.08865,0.08454,0.11156,0.27982,0.00081,0.01,200
42.97941,0,16.32026,44.44914,136.60791,-0.151859999999999,0,0.151629999999997,-3.0648,3.00462999999999,10,246.71421,0.26358,0.08865,0.08454,0.11156,0.27982,0.00081,0.01,201
42.82755,0,16.47189,41.38434,139.61254,-0.1524,0,0.152160000000002,-3.02443,2.95761000000002,10,246.71421,0.26358,0.08865,0.08454,0.11156,0.27982,0.00081,0.01,202
42.67515,0,16.62405,38.35991,142.57015,-0.152950000000004,0,0.152699999999999,-2.97651,2.90222,10,246.71421,0.26358,0.08865,0.08454,0.11156,0.27982,0.00081,0.01,203
42.5222,0,16.77675,35.3834,145.47237,-0.153479999999995,0,0.15324,-2.92015,2.83753999999999,10,246.71421,0.26358,0.08865,0.08454,0.11156,0.27982,0.00081,0.01,204
42.36872,0,16.92999,32.46325,148.30991,-0.154010000000007,0,0.153759999999998,-2.85443,2.76261,10,246.71421,0.26358,0.08865,0.08454,0.11156,0.27982,0.00081,0.01,205
42.21471,0,17.08375,29.60882,151.07252,-0.154539999999997,0,0.15428,-2.77837,2.67639,10,246.71421,0.26358,0.08865,0.08454,0.11156,0.27982,0.00081,0.01,206
42.06017,0,17.23803,26.83045,153.74891,-0.155050000000003,0,0.154800000000002,-2.69097,2.57794000000001,10,246.71421,0.26358,0.08865,0.08454,0.11156,0.27982,0.00081,0.01,207
41.90512,0,17.39283,24.13948,156.32685,-0.155559999999994,0,0.1553,-2.59128,2.46643,10,246.71421,0.26358,0.08865,0.08454,0.11156,0.27982,0.00081,0.01,208
41.74956,0,17.54813,21.5482,158.79328,-0.15607,0,0.155799999999999,-2.47844,2.34119999999999,10,246.71421,0.26358,0.08865,0.08454,0.11156,0.27982,0.00081,0.01,209
41.59349,0,17.70393,19.06976,161.13448,-0.156560000000006,0,0.156300000000002,-2.35188,2.20206000000002,10,246.71421,0.26358,0.08865,0.08454,0.11156,0.27982,0.00081,0.01,210
41.43693,0,17.86023,16.71788,163.33654,-0.157059999999994,0,0.156789999999997,-2.21136,2.04931999999999,10,246.71421,0.26358,0.08865,0.08454,0.11156,0.27982,0.00081,0.01,211
41.27987,0,18.01702,14.50652,165.38586,-0.157540000000004,0,0.15727,-2.05727,1.88412,10,246.71421,0.26358,0.08865,0.08454,0.11156,0.27982,0.00081,0.01,212
41.12233,0,18.17429,12.44925,167.26998,-0.15802,0,0.15774,-1.89072,1.70851999999999,10,246.71421,0.26358,0.08865,0.08454,0.11156,0.27982,0.00081,0.01,213
40.96431,0,18.33203,10.55853,168.9785,-0.158479999999997,0,0.15821,-1.71388,1.52569,10,246.71421,0.26358,0.08865,0.08454,0.11156,0.27982,0.00081,0.01,214
40.80583,0,18.49024,8.84465,170.50419,-0.15896,0,0.158670000000001,-1.52991,1.33983000000001,10,246.71421,0.26358,0.08865,0.08454,0.11156,0.27982,0.00081,0.01,215
40.64687,0,18.64891,7.31474,171.84402,-0.159410000000001,0,0.159129999999998,-1.34303,1.15585999999999,10,246.71421,0.26358,0.08865,0.08454,0.11156,0.27982,0.00081,0.01,216
40.48746,0,18.80804,5.97171,172.99988,-0.159860000000002,0,0.159570000000002,-1.15821,0.979050000000001,10,246.71421,0.26358,0.08865,0.08454,0.11156,0.27982,0.00081,0.01,217
40.3276,0,18.96761,4.8135,173.97893,-0.160299999999999,0,0.16001,-0.98071,0.814250000000015,10,246.71421,0.26358,0.08865,0.08454,0.11156,0.27982,0.00081,0.01,218
40.1673,0,19.12762,3.83279,174.79318,-0.160739999999997,0,0.160440000000001,-0.81538,0.665390000000002,10,246.71421,0.26358,0.08865,0.08454,0.11156,0.27982,0.00081,0.01,219
40.00656,0,19.28806,3.01741,175.45857,-0.161169999999998,0,0.160869999999999,-0.66613,0.534930000000003,10,246.71421,0.26358,0.08865,0.08454,0.11156,0.27982,0.00081,0.01,220
39.84539,0,19.44893,2.35128,175.9935,-0.161590000000004,0,0.161279999999998,-0.53541,0.423819999999978,10,246.71421,0.26358,0.08865,0.08454,0.11156,0.27982,0.00081,0.01,221
39.6838,0,19.61021,1.81587,176.41732,-0.161999999999999,0,0.1617,-0.42412,0.331580000000002,10,246.71421,0.26358,0.08865,0.08454,0.11156,0.27982,0.00081,0.01,222
39.5218,0,19.77191,1.39175,176.7489,-0.162399999999998,0,0.162090000000003,-0.33175,0.256660000000011,10,246.71421,0.26358,0.08865,0.08454,0.11156,0.27982,0.00081,0.01,223
39.3594,0,19.934,1.06,177.00556,-0.162800000000004,0,0.162489999999998,-0.25677,0.196969999999993,10,246.71421,0.26358,0.08865,0.08454,0.11156,0.27982,0.00081,0.01,224
39.1966,0,20.09649,0.80323,177.20253,-0.163199999999996,0,0.162870000000002,-0.19702,0.150090000000006,10,246.71421,0.26358,0.08865,0.08454,0.11156,0.27982,0.00081,0.01,225
39.0334,0,20.25936,0.60621,177.35262,-0.16357,0,0.163249999999998,-0.15014,0.113769999999988,10,246.71421,0.26358,0.08865,0.08454,0.11156,0.27982,0.00081,0.01,226
38.86983,0,20.42261,0.45607,177.46639,-0.16395,0,0.163620000000002,-0.11378,0.0858599999999967,10,246.71421,0.26358,0.08865,0.08454,0.11156,0.27982,0.00081,0.01,227
38.70588,0,20.58623,0.34229,177.55225,-0.16431,0,0.163989999999998,-0.08587,0.0645900000000097,10,246.71421,0.26358,0.08865,0.08454,0.11156,0.27982,0.00081,0.01,228
38.54157,0,20.75022,0.25642,177.61684,-0.164670000000001,0,0.16433,-0.0646,0.0484700000000089,10,246.71421,0.26358,0.08865,0.08454,0.11156,0.27982,0.00081,0.01,229
38.3769,0,20.91455,0.19182,177.66531,-0.165019999999998,0,0.16469,-0.04848,0.0363099999999861,10,246.71421,0.26358,0.08865,0.08454,0.11156,0.27982,0.00081,0.01,230
38.21188,0,21.07924,0.14334,177.70162,-0.16536,0,0.165020000000002,-0.03631,0.0271600000000092,10,246.71421,0.26358,0.08865,0.08454,0.11156,0.27982,0.00081,0.01,231
38.04652,0,21.24426,0.10703,177.72878,-0.165689999999998,0,0.16534,-0.02715,0.0202899999999886,10,246.71421,0.26358,0.08865,0.08454,0.11156,0.27982,0.00081,0.01,232
37.88083,0,21.4096,0.07988,177.74907,-0.166020000000003,0,0.165669999999999,-0.0203,0.0151500000000055,10,246.71421,0.26358,0.08865,0.08454,0.11156,0.27982,0.00081,0.01,233
37.71481,0,21.57527,0.05958,177.76422,-0.166330000000002,0,0.165980000000001,-0.01515,0.0113100000000088,10,246.71421,0.26358,0.08865,0.08454,0.11156,0.27982,0.00081,0.01,234
37.54848,0,21.74125,0.04443,177.77553,-0.166640000000001,0,0.16628,-0.01131,0.00843000000000416,10,246.71421,0.26358,0.08865,0.08454,0.11156,0.27982,0.00081,0.01,235
37.38184,0,21.90753,0.03312,177.78396,-0.166939999999997,0,0.16658,-0.00843,0.00628999999997859,10,246.71421,0.26358,0.08865,0.08454,0.11156,0.27982,0.00081,0.01,236
37.2149,0,22.07411,0.02469,177.79025,-0.16722,0,0.16686,-0.00629,0.00469000000001074,10,246.71421,0.26358,0.08865,0.08454,0.11156,0.27982,0.00081,0.01,237
37.04768,0,22.24097,0.0184,177.79494,-0.16751,0,0.16713,-0.00469,0.0035000000000025,10,246.71421,0.26358,0.08865,0.08454,0.11156,0.27982,0.00081,0.01,238
36.88017,0,22.4081,0.01371,177.79844,-0.16778,0,0.16741,-0.00349,0.00260000000000105,10,246.71421,0.26358,0.08865,0.08454,0.11156,0.27982,0.00081,0.01,239
36.71239,0,22.57551,0.01022,177.80104,-0.168039999999998,0,0.167659999999998,-0.00261,0.0019399999999905,10,246.71421,0.26358,0.08865,0.08454,0.11156,0.27982,0.00081,0.01,240
