"S","A","R","P","C","dS","dA","dR","dP","dC","Q","N","uc_F","lc_f","mu","lmda","phi","kappa","epsilon","t"
9.3399,75.08306,0.0159,154.60498,0,8.16572,-9.33200000000001,0.01067,0,0,10,240.36329,0.35679,0.12652,0.12426,0.13196,0.15672,0.00049,0.01,1
17.50562,65.75106,0.02657,154.60498,0,7.14604,-8.17379999999999,0.01558,0,0,10,240.36329,0.35679,0.12652,0.12426,0.13196,0.15672,0.00049,0.01,2
24.65166,57.57726,0.04215,154.60498,0,6.2528,-7.16018,0.0207,0,0,10,240.36329,0.35679,0.12652,0.12426,0.13196,0.15672,0.00049,0.01,3
30.90446,50.41708,0.06285,154.60498,0,5.47023,-6.27316,0.0261,0,0,10,240.36329,0.35679,0.12652,0.12426,0.13196,0.15672,0.00049,0.01,4
36.37469,44.14392,0.08895,154.60498,0,4.78448,-5.49709,0.03188,0,0,10,240.36329,0.35679,0.12652,0.12426,0.13196,0.15672,0.00049,0.01,5
41.15917,38.64683,0.12083,154.60498,0,4.18342,-4.81819,0.0381,0,0,10,240.36329,0.35679,0.12652,0.12426,0.13196,0.15672,0.00049,0.01,6
45.34259,33.82864,0.15893,154.60498,0,3.65644,-4.22446,0.04486,0,0,10,240.36329,0.35679,0.12652,0.12426,0.13196,0.15672,0.00049,0.01,7
48.99903,29.60418,0.20379,154.60498,0,3.19421000000001,-3.70536,0.05226,0,0,10,240.36329,0.35679,0.12652,0.12426,0.13196,0.15672,0.00049,0.01,8
52.19324,25.89882,0.25605,154.60498,0,2.78859,-3.25167,0.06034,0,0,10,240.36329,0.35679,0.12652,0.12426,0.13196,0.15672,0.00049,0.01,9
54.98183,22.64715,0.31639,154.60498,0,2.43241,-2.85534,0.06923,0,0,10,240.36329,0.35679,0.12652,0.12426,0.13196,0.15672,0.00049,0.01,10
57.41424,19.79181,0.38562,154.60498,0,2.11942,-2.50926,0.07894,0,0,10,240.36329,0.35679,0.12652,0.12426,0.13196,0.15672,0.00049,0.01,11
59.53366,17.28255,0.46456,154.60498,0,1.84411,-2.20725,0.0895400000000001,0,0,10,240.36329,0.35679,0.12652,0.12426,0.13196,0.15672,0.00049,0.01,12
61.37777,15.0753,0.5541,154.60498,0,1.60166,-1.9438,0.10102,0,0,10,240.36329,0.35679,0.12652,0.12426,0.13196,0.15672,0.00049,0.01,13
62.97943,13.1315,0.65512,154.60498,0,1.38789000000001,-1.71408,0.11329,0,0,10,240.36329,0.35679,0.12652,0.12426,0.13196,0.15672,0.00049,0.01,14
64.36732,11.41742,0.76841,154.60498,0,1.19910999999999,-1.51375,0.12622,0,0,10,240.36329,0.35679,0.12652,0.12426,0.13196,0.15672,0.00049,0.01,15
65.56643,9.90367,0.89463,154.60498,0,1.03214,-1.33892,0.13952,0,0,10,240.36329,0.35679,0.12652,0.12426,0.13196,0.15672,0.00049,0.01,16
66.59857,8.56475,1.03415,154.60498,0,0.884260000000012,-1.18603,0.15276,0,0,10,240.36329,0.35679,0.12652,0.12426,0.13196,0.15672,0.00049,0.01,17
67.48283,7.37872,1.18691,154.60498,0,0.753129999999999,-1.05181,0.16531,0,0,10,240.36329,0.35679,0.12652,0.12426,0.13196,0.15672,0.00049,0.01,18
68.23596,6.32691,1.35222,154.60498,0,0.636799999999994,-0.93321,0.17642,0,0,10,240.36329,0.35679,0.12652,0.12426,0.13196,0.15672,0.00049,0.01,19
68.87276,5.3937,1.52864,154.60498,0,0.533670000000001,-0.8274,0.18513,0,0,10,240.36329,0.35679,0.12652,0.12426,0.13196,0.15672,0.00049,0.01,20
69.40643,4.5663,1.71377,154.60498,0,0.44247,-0.73185,0.19052,0,0,10,240.36329,0.35679,0.12652,0.12426,0.13196,0.15672,0.00049,0.01,21
69.8489,3.83445,1.90429,154.60498,0,0.362179999999995,-0.64438,0.19175,0,0,10,240.36329,0.35679,0.12652,0.12426,0.13196,0.15672,0.00049,0.01,22
70.21108,3.19007,2.09604,154.60498,0,0.292000000000002,-0.56333,0.18838,0,0,10,240.36329,0.35679,0.12652,0.12426,0.13196,0.15672,0.00049,0.01,23
70.50308,2.62674,2.28442,154.60498,0,0.231270000000009,-0.48763,0.18043,0,0,10,240.36329,0.35679,0.12652,0.12426,0.13196,0.15672,0.00049,0.01,24
70.73435,2.13911,2.46485,154.60498,0,0.179349999999999,-0.41694,0.16853,0,0,10,240.36329,0.35679,0.12652,0.12426,0.13196,0.15672,0.00049,0.01,25
70.9137,1.72217,2.63338,154.60498,0,0.135589999999993,-0.3514,0.15377,0,0,10,240.36329,0.35679,0.12652,0.12426,0.13196,0.15672,0.00049,0.01,26
71.04929,1.37077,2.78715,154.60498,0,0.0992899999999963,-0.29159,0.13752,0,0,10,240.36329,0.35679,0.12652,0.12426,0.13196,0.15672,0.00049,0.01,27
71.14858,1.07918,2.92467,154.60498,0,0.06965000000001,-0.23812,0.12109,0,0,10,240.36329,0.35679,0.12652,0.12426,0.13196,0.15672,0.00049,0.01,28
71.21823,0.84106,3.04576,154.60498,0,0.0458299999999952,-0.19149,0.10557,0,0,10,240.36329,0.35679,0.12652,0.12426,0.13196,0.15672,0.00049,0.01,29
71.26406,0.64957,3.15133,154.60498,0,0.0269399999999962,-0.15178,0.09165,0,0,10,240.36329,0.35679,0.12652,0.12426,0.13196,0.15672,0.00049,0.01,30
71.291,0.49779,3.24298,154.60498,0,0.0121699999999976,-0.11881,0.0797099999999999,0,0,10,240.36329,0.35679,0.12652,0.12426,0.13196,0.15672,0.00049,0.01,31
71.30317,0.37898,3.32269,154.60498,0,0.000730000000004338,-0.09198,0.0697999999999999,0,0,10,240.36329,0.35679,0.12652,0.12426,0.13196,0.15672,0.00049,0.01,32
71.3039,0.287,3.39249,154.60498,0,-0.00803999999999405,-0.07058,0.0617700000000001,0,0,10,240.36329,0.35679,0.12652,0.12426,0.13196,0.15672,0.00049,0.01,33
71.29586,0.21642,3.45426,154.60498,0,-0.0147200000000112,-0.05377,0.0554199999999998,0,0,10,240.36329,0.35679,0.12652,0.12426,0.13196,0.15672,0.00049,0.01,34
71.28114,0.16265,3.50968,154.60498,0,-0.0197699999999941,-0.04072,0.0504600000000002,0,0,10,240.36329,0.35679,0.12652,0.12426,0.13196,0.15672,0.00049,0.01,35
71.26137,0.12193,3.56014,154.60498,0,-0.0235799999999955,-0.03071,0.04664,0,0,10,240.36329,0.35679,0.12652,0.12426,0.13196,0.15672,0.00049,0.01,36
71.23779,0.09122,3.60678,154.60498,0,-0.0264300000000048,-0.02308,0.0437099999999999,0,0,10,240.36329,0.35679,0.12652,0.12426,0.13196,0.15672,0.00049,0.01,37
71.21136,0.06814,3.65049,154.60498,0,-0.028570000000002,-0.01729,0.0415000000000001,0,0,10,240.36329,0.35679,0.12652,0.12426,0.13196,0.15672,0.00049,0.01,38
71.18279,0.05085,3.69199,154.60498,0,-0.0301599999999951,-0.01294,0.0398099999999997,0,0,10,240.36329,0.35679,0.12652,0.12426,0.13196,0.15672,0.00049,0.01,39
71.15263,0.03791,3.7318,154.60498,0,-0.0313500000000033,-0.00966,0.0385400000000002,0,0,10,240.36329,0.35679,0.12652,0.12426,0.13196,0.15672,0.00049,0.01,40
71.12128,0.02825,3.77034,154.60498,0,-0.0322299999999984,-0.00721,0.0375899999999998,0,0,10,240.36329,0.35679,0.12652,0.12426,0.13196,0.15672,0.00049,0.01,41
71.08905,0.02104,3.80793,154.60498,0,-0.0328800000000058,-0.00538,0.0368700000000004,0,0,10,240.36329,0.35679,0.12652,0.12426,0.13196,0.15672,0.00049,0.01,42
71.05617,0.01566,3.8448,154.60498,0,-0.0333599999999876,-0.004,0.03633,0,0,10,240.36329,0.35679,0.12652,0.12426,0.13196,0.15672,0.00049,0.01,43
71.02281,0.01166,3.88113,154.60498,0,-0.0337200000000024,-0.00298,0.03592,0,0,10,240.36329,0.35679,0.12652,0.12426,0.13196,0.15672,0.00049,0.01,44
70.98909,0.00868,3.91705,154.60498,0,-0.0339799999999997,-0.00222,0.0356099999999997,0,0,10,240.36329,0.35679,0.12652,0.12426,0.13196,0.15672,0.00049,0.01,45
70.95511,0.00646,3.95266,154.60498,0,-0.03416,-0.00166,0.03538,0,0,10,240.36329,0.35679,0.12652,0.12426,0.13196,0.15672,0.00049,0.01,46
70.92095,0.0048,3.98804,154.60498,0,-0.0343000000000018,-0.00123,0.0352000000000006,0,0,10,240.36329,0.35679,0.12652,0.12426,0.13196,0.15672,0.00049,0.01,47
70.88665,0.00357,4.02324,154.60498,0,-0.0344000000000051,-0.00091,0.0350599999999996,0,0,10,240.36329,0.35679,0.12652,0.12426,0.13196,0.15672,0.00049,0.01,48
70.85225,0.00266,4.0583,154.60498,0,-0.0344699999999989,-0.00068,0.0349500000000003,0,0,10,240.36329,0.35679,0.12652,0.12426,0.13196,0.15672,0.00049,0.01,49
70.81778,0.00198,4.09325,154.60498,0,-0.0345099999999974,-0.00051,0.0348799999999994,0,0,10,240.36329,0.35679,0.12652,0.12426,0.13196,0.15672,0.00049,0.01,50
70.78327,0.00147,4.12813,154.60498,0,-0.0345400000000069,-0.00038,0.0348000000000006,0,0,10,240.36329,0.35679,0.12652,0.12426,0.13196,0.15672,0.00049,0.01,51
70.74873,0.00109,4.16293,154.60498,0,-0.034559999999999,-0.00028,0.0347499999999998,0,0,10,240.36329,0.35679,0.12652,0.12426,0.13196,0.15672,0.00049,0.01,52
70.71417,0.00081,4.19768,154.60498,0,-0.0345700000000022,-2e-04,0.0347099999999996,0,0,10,240.36329,0.35679,0.12652,0.12426,0.13196,0.15672,0.00049,0.01,53
70.6796,0.00061,4.23239,154.60498,0,-0.034569999999988,-0.00016,0.0346700000000002,0,0,10,240.36329,0.35679,0.12652,0.12426,0.13196,0.15672,0.00049,0.01,54
70.64503,0.00045,4.26706,154.60498,0,-0.0345700000000022,-0.00012,0.0346400000000004,0,0,10,240.36329,0.35679,0.12652,0.12426,0.13196,0.15672,0.00049,0.01,55
70.61046,0.00033,4.3017,154.60498,0,-0.034559999999999,-8e-05,0.0345999999999993,0,0,10,240.36329,0.35679,0.12652,0.12426,0.13196,0.15672,0.00049,0.01,56
70.5759,0.00025,4.3363,154.60498,0,-0.0345500000000101,-6e-05,0.0345900000000006,0,0,10,240.36329,0.35679,0.12652,0.12426,0.13196,0.15672,0.00049,0.01,57
70.54135,0.00019,4.37089,154.60498,0,-0.0345499999999959,-5e-05,0.0345599999999999,0,0,10,240.36329,0.35679,0.12652,0.12426,0.13196,0.15672,0.00049,0.01,58
70.5068,0.00014,4.40545,154.60498,0,-0.0345300000000037,-4e-05,0.0345399999999998,0,0,10,240.36329,0.35679,0.12652,0.12426,0.13196,0.15672,0.00049,0.01,59
70.47227,1e-04,4.43999,154.60498,0,-0.0345099999999974,-2e-05,0.0345200000000006,0,0,10,240.36329,0.35679,0.12652,0.12426,0.13196,0.15672,0.00049,0.01,60
70.43776,8e-05,4.47451,154.60498,0,-0.0344999999999942,-2e-05,0.0344999999999995,0,0,10,240.36329,0.35679,0.12652,0.12426,0.13196,0.15672,0.00049,0.01,61
70.40326,6e-05,4.50901,154.60498,0,-0.0344900000000052,-2e-05,0.0344800000000003,0,0,10,240.36329,0.35679,0.12652,0.12426,0.13196,0.15672,0.00049,0.01,62
70.36877,4e-05,4.54349,154.60498,0,-0.0344699999999989,-1e-05,0.0344600000000002,0,0,10,240.36329,0.35679,0.12652,0.12426,0.13196,0.15672,0.00049,0.01,63
70.3343,3e-05,4.57795,154.60498,0,-0.0344499999999925,-1e-05,0.03444,0,0,10,240.36329,0.35679,0.12652,0.12426,0.13196,0.15672,0.00049,0.01,64
70.29985,2e-05,4.61239,154.60498,0,-0.0344400000000036,0,0.0344299999999995,0,0,10,240.36329,0.35679,0.12652,0.12426,0.13196,0.15672,0.00049,0.01,65
70.26541,2e-05,4.64682,154.60498,0,-0.0344300000000004,-1e-05,0.0344100000000003,0,0,10,240.36329,0.35679,0.12652,0.12426,0.13196,0.15672,0.00049,0.01,66
70.23098,1e-05,4.68123,154.60498,0,-0.0344000000000051,0,0.0343900000000001,0,0,10,240.36329,0.35679,0.12652,0.12426,0.13196,0.15672,0.00049,0.01,67
70.19658,1e-05,4.71562,154.60498,0,-0.0343900000000019,0,0.03437,0,0,10,240.36329,0.35679,0.12652,0.12426,0.13196,0.15672,0.00049,0.01,68
70.16219,1e-05,4.74999,154.60498,0,-0.0343699999999956,0,0.0343599999999995,0,0,10,240.36329,0.35679,0.12652,0.12426,0.13196,0.15672,0.00049,0.01,69
70.12782,1e-05,4.78435,154.60498,0,-0.0343600000000066,-1e-05,0.0343400000000003,0,0,10,240.36329,0.35679,0.12652,0.12426,0.13196,0.15672,0.00049,0.01,70
70.09346,0,4.81869,154.60498,0,-0.0343400000000003,0,0.0343200000000001,0,0,10,240.36329,0.35679,0.12652,0.12426,0.13196,0.15672,0.00049,0.01,71
70.05912,0,4.85301,154.60498,0,-0.0343199999999939,0,0.0343099999999996,0,0,10,240.36329,0.35679,0.12652,0.12426,0.13196,0.15672,0.00049,0.01,72
70.0248,0,4.88732,154.60498,0,-0.0343100000000049,0,0.0342900000000004,0,0,10,240.36329,0.35679,0.12652,0.12426,0.13196,0.15672,0.00049,0.01,73
69.99049,0,4.92161,154.60498,0,-0.0342899999999986,0,0.0342699999999994,0,0,10,240.36329,0.35679,0.12652,0.12426,0.13196,0.15672,0.00049,0.01,74
69.9562,0,4.95588,154.60498,0,-0.0342699999999923,0,0.0342600000000006,0,0,10,240.36329,0.35679,0.12652,0.12426,0.13196,0.15672,0.00049,0.01,75
69.92193,0,4.99014,154.60498,0,-0.0342600000000033,0,0.0342399999999996,0,0,10,240.36329,0.35679,0.12652,0.12426,0.13196,0.15672,0.00049,0.01,76
69.88767,0,5.02438,154.60498,0,-0.0342299999999938,0,0.0342200000000004,0,0,10,240.36329,0.35679,0.12652,0.12426,0.13196,0.15672,0.00049,0.01,77
69.85344,0,5.0586,154.60498,0,-0.034230000000008,0,0.0342000000000002,0,0,10,240.36329,0.35679,0.12652,0.12426,0.13196,0.15672,0.00049,0.01,78
69.81921,0,5.0928,154.60498,0,-0.0341999999999985,0,0.0341899999999997,0,0,10,240.36329,0.35679,0.12652,0.12426,0.13196,0.15672,0.00049,0.01,79
69.78501,0,5.12699,154.60498,0,-0.0341899999999953,0,0.0341800000000001,0,0,10,240.36329,0.35679,0.12652,0.12426,0.13196,0.15672,0.00049,0.01,80
69.75082,0,5.16117,154.60498,0,-0.0341700000000031,0,0.0341499999999995,0,0,10,240.36329,0.35679,0.12652,0.12426,0.13196,0.15672,0.00049,0.01,81
69.71665,0,5.19532,154.60498,0,-0.03416,0,0.0341400000000007,0,0,10,240.36329,0.35679,0.12652,0.12426,0.13196,0.15672,0.00049,0.01,82
69.68249,0,5.22946,154.60498,0,-0.0341400000000078,0,0.0341199999999997,0,0,10,240.36329,0.35679,0.12652,0.12426,0.13196,0.15672,0.00049,0.01,83
69.64835,0,5.26358,154.60498,0,-0.0341199999999873,0,0.0341100000000001,0,0,10,240.36329,0.35679,0.12652,0.12426,0.13196,0.15672,0.00049,0.01,84
69.61423,0,5.29769,154.60498,0,-0.0341000000000093,0,0.0340799999999994,0,0,10,240.36329,0.35679,0.12652,0.12426,0.13196,0.15672,0.00049,0.01,85
69.58013,0,5.33177,154.60498,0,-0.034089999999992,0,0.0340800000000003,0,0,10,240.36329,0.35679,0.12652,0.12426,0.13196,0.15672,0.00049,0.01,86
69.54604,0,5.36585,154.60498,0,-0.0340699999999998,0,0.0340499999999997,0,0,10,240.36329,0.35679,0.12652,0.12426,0.13196,0.15672,0.00049,0.01,87
69.51197,0,5.3999,154.60498,0,-0.0340600000000109,0,0.0340400000000001,0,0,10,240.36329,0.35679,0.12652,0.12426,0.13196,0.15672,0.00049,0.01,88
69.47791,0,5.43394,154.60498,0,-0.0340399999999903,0,0.0340199999999999,0,0,10,240.36329,0.35679,0.12652,0.12426,0.13196,0.15672,0.00049,0.01,89
69.44387,0,5.46796,154.60498,0,-0.0340199999999982,0,0.0340100000000003,0,0,10,240.36329,0.35679,0.12652,0.12426,0.13196,0.15672,0.00049,0.01,90
69.40985,0,5.50197,154.60498,0,-0.034000000000006,0,0.0339799999999997,0,0,10,240.36329,0.35679,0.12652,0.12426,0.13196,0.15672,0.00049,0.01,91
69.37585,0,5.53595,154.60498,0,-0.0339900000000029,0,0.0339800000000006,0,0,10,240.36329,0.35679,0.12652,0.12426,0.13196,0.15672,0.00049,0.01,92
69.34186,0,5.56993,154.60498,0,-0.0339699999999965,0,0.0339499999999999,0,0,10,240.36329,0.35679,0.12652,0.12426,0.13196,0.15672,0.00049,0.01,93
69.30789,0,5.60388,154.60498,0,-0.0339600000000075,0,0.0339399999999994,0,0,10,240.36329,0.35679,0.12652,0.12426,0.13196,0.15672,0.00049,0.01,94
69.27393,0,5.63782,154.60498,0,-0.033939999999987,0,0.0339200000000002,0,0,10,240.36329,0.35679,0.12652,0.12426,0.13196,0.15672,0.00049,0.01,95
69.23999,0,5.67174,154.60498,0,-0.0339200000000091,0,0.0339,0,0,10,240.36329,0.35679,0.12652,0.12426,0.13196,0.15672,0.00049,0.01,96
69.20607,0,5.70564,154.60498,0,-0.0339000000000027,0,0.0338900000000004,0,0,10,240.36329,0.35679,0.12652,0.12426,0.13196,0.15672,0.00049,0.01,97
69.17217,0,5.73953,154.60498,0,-0.0338899999999995,0,0.0338799999999999,0,0,10,240.36329,0.35679,0.12652,0.12426,0.13196,0.15672,0.00049,0.01,98
69.13828,0,5.77341,154.60498,0,-0.0338699999999932,0,0.0338500000000002,0,0,10,240.36329,0.35679,0.12652,0.12426,0.13196,0.15672,0.00049,0.01,99
69.10441,0,5.80726,154.60498,0,-0.0338600000000042,0,0.0338399999999996,0,0,10,240.36329,0.35679,0.12652,0.12426,0.13196,0.15672,0.00049,0.01,100
69.07055,0,5.8411,154.60498,0,-0.0338399999999979,0,0.0338200000000004,0,0,10,240.36329,0.35679,0.12652,0.12426,0.13196,0.15672,0.00049,0.01,101
69.03671,0,5.87492,154.60498,0,-0.0338200000000057,0,0.0338099999999999,0,0,10,240.36329,0.35679,0.12652,0.12426,0.13196,0.15672,0.00049,0.01,102
69.00289,0,5.90873,154.60498,0,-0.0337999999999994,0,0.0337899999999998,0,0,10,240.36329,0.35679,0.12652,0.12426,0.13196,0.15672,0.00049,0.01,103
68.96909,0,5.94252,154.60498,0,-0.0337899999999962,0,0.0337699999999996,0,0,10,240.36329,0.35679,0.12652,0.12426,0.13196,0.15672,0.00049,0.01,104
68.9353,0,5.97629,154.60498,0,-0.033779999999993,0,0.0337500000000004,0,0,10,240.36329,0.35679,0.12652,0.12426,0.13196,0.15672,0.00049,0.01,105
68.90152,0,6.01004,154.60498,0,-0.0337500000000119,0,0.0337399999999999,0,0,10,240.36329,0.35679,0.12652,0.12426,0.13196,0.15672,0.00049,0.01,106
68.86777,0,6.04378,154.60498,0,-0.0337399999999946,0,0.0337300000000003,0,0,10,240.36329,0.35679,0.12652,0.12426,0.13196,0.15672,0.00049,0.01,107
68.83403,0,6.07751,154.60498,0,-0.0337200000000024,0,0.0336999999999996,0,0,10,240.36329,0.35679,0.12652,0.12426,0.13196,0.15672,0.00049,0.01,108
68.80031,0,6.11121,154.60498,0,-0.0337099999999992,0,0.03369,0,0,10,240.36329,0.35679,0.12652,0.12426,0.13196,0.15672,0.00049,0.01,109
68.7666,0,6.1449,154.60498,0,-0.0336899999999929,0,0.0336800000000004,0,0,10,240.36329,0.35679,0.12652,0.12426,0.13196,0.15672,0.00049,0.01,110
68.73291,0,6.17858,154.60498,0,-0.0336700000000008,0,0.0336499999999997,0,0,10,240.36329,0.35679,0.12652,0.12426,0.13196,0.15672,0.00049,0.01,111
68.69924,0,6.21223,154.60498,0,-0.0336599999999976,0,0.0336400000000001,0,0,10,240.36329,0.35679,0.12652,0.12426,0.13196,0.15672,0.00049,0.01,112
68.66558,0,6.24587,154.60498,0,-0.0336400000000054,0,0.0336299999999996,0,0,10,240.36329,0.35679,0.12652,0.12426,0.13196,0.15672,0.00049,0.01,113
68.63194,0,6.2795,154.60498,0,-0.0336199999999991,0,0.0336000000000007,0,0,10,240.36329,0.35679,0.12652,0.12426,0.13196,0.15672,0.00049,0.01,114
68.59832,0,6.3131,154.60498,0,-0.0336099999999959,0,0.0335899999999993,0,0,10,240.36329,0.35679,0.12652,0.12426,0.13196,0.15672,0.00049,0.01,115
68.56471,0,6.34669,154.60498,0,-0.0335900000000038,0,0.0335800000000006,0,0,10,240.36329,0.35679,0.12652,0.12426,0.13196,0.15672,0.00049,0.01,116
68.53112,0,6.38027,154.60498,0,-0.0335800000000006,0,0.0335599999999996,0,0,10,240.36329,0.35679,0.12652,0.12426,0.13196,0.15672,0.00049,0.01,117
68.49754,0,6.41383,154.60498,0,-0.0335500000000053,0,0.0335400000000003,0,0,10,240.36329,0.35679,0.12652,0.12426,0.13196,0.15672,0.00049,0.01,118
68.46399,0,6.44737,154.60498,0,-0.0335400000000021,0,0.0335199999999993,0,0,10,240.36329,0.35679,0.12652,0.12426,0.13196,0.15672,0.00049,0.01,119
68.43045,0,6.48089,154.60498,0,-0.0335299999999989,0,0.0335100000000006,0,0,10,240.36329,0.35679,0.12652,0.12426,0.13196,0.15672,0.00049,0.01,120
68.39692,0,6.5144,154.60498,0,-0.0335099999999926,0,0.0334899999999996,0,0,10,240.36329,0.35679,0.12652,0.12426,0.13196,0.15672,0.00049,0.01,121
68.36341,0,6.54789,154.60498,0,-0.0334900000000005,0,0.03348,0,0,10,240.36329,0.35679,0.12652,0.12426,0.13196,0.15672,0.00049,0.01,122
68.32992,0,6.58137,154.60498,0,-0.0334799999999973,0,0.0334600000000007,0,0,10,240.36329,0.35679,0.12652,0.12426,0.13196,0.15672,0.00049,0.01,123
68.29644,0,6.61483,154.60498,0,-0.0334600000000052,0,0.0334399999999997,0,0,10,240.36329,0.35679,0.12652,0.12426,0.13196,0.15672,0.00049,0.01,124
68.26298,0,6.64827,154.60498,0,-0.0334399999999988,0,0.0334300000000001,0,0,10,240.36329,0.35679,0.12652,0.12426,0.13196,0.15672,0.00049,0.01,125
68.22954,0,6.6817,154.60498,0,-0.0334299999999956,0,0.0334099999999999,0,0,10,240.36329,0.35679,0.12652,0.12426,0.13196,0.15672,0.00049,0.01,126
68.19611,0,6.71511,154.60498,0,-0.0334100000000035,0,0.0333899999999998,0,0,10,240.36329,0.35679,0.12652,0.12426,0.13196,0.15672,0.00049,0.01,127
68.1627,0,6.7485,154.60498,0,-0.0333899999999971,0,0.0333800000000002,0,0,10,240.36329,0.35679,0.12652,0.12426,0.13196,0.15672,0.00049,0.01,128
68.12931,0,6.78188,154.60498,0,-0.0333800000000082,0,0.0333600000000001,0,0,10,240.36329,0.35679,0.12652,0.12426,0.13196,0.15672,0.00049,0.01,129
68.09593,0,6.81524,154.60498,0,-0.0333600000000018,0,0.0333499999999995,0,0,10,240.36329,0.35679,0.12652,0.12426,0.13196,0.15672,0.00049,0.01,130
68.06257,0,6.84859,154.60498,0,-0.0333399999999955,0,0.0333200000000007,0,0,10,240.36329,0.35679,0.12652,0.12426,0.13196,0.15672,0.00049,0.01,131
68.02923,0,6.88191,154.60498,0,-0.0333299999999923,0,0.0333199999999998,0,0,10,240.36329,0.35679,0.12652,0.12426,0.13196,0.15672,0.00049,0.01,132
67.9959,0,6.91523,154.60498,0,-0.0333100000000002,0,0.03329,0,0,10,240.36329,0.35679,0.12652,0.12426,0.13196,0.15672,0.00049,0.01,133
67.96259,0,6.94852,154.60498,0,-0.0333000000000112,0,0.0332799999999995,0,0,10,240.36329,0.35679,0.12652,0.12426,0.13196,0.15672,0.00049,0.01,134
67.92929,0,6.9818,154.60498,0,-0.0332799999999907,0,0.0332699999999999,0,0,10,240.36329,0.35679,0.12652,0.12426,0.13196,0.15672,0.00049,0.01,135
67.89601,0,7.01507,154.60498,0,-0.0332599999999985,0,0.0332400000000002,0,0,10,240.36329,0.35679,0.12652,0.12426,0.13196,0.15672,0.00049,0.01,136
67.86275,0,7.04831,154.60498,0,-0.0332500000000095,0,0.0332300000000005,0,0,10,240.36329,0.35679,0.12652,0.12426,0.13196,0.15672,0.00049,0.01,137
67.8295,0,7.08154,154.60498,0,-0.033229999999989,0,0.03322,0,0,10,240.36329,0.35679,0.12652,0.12426,0.13196,0.15672,0.00049,0.01,138
67.79627,0,7.11476,154.60498,0,-0.0332100000000111,0,0.0331999999999999,0,0,10,240.36329,0.35679,0.12652,0.12426,0.13196,0.15672,0.00049,0.01,139
67.76306,0,7.14796,154.60498,0,-0.0331999999999937,0,0.0331799999999998,0,0,10,240.36329,0.35679,0.12652,0.12426,0.13196,0.15672,0.00049,0.01,140
67.72986,0,7.18114,154.60498,0,-0.0331800000000015,0,0.0331599999999996,0,0,10,240.36329,0.35679,0.12652,0.12426,0.13196,0.15672,0.00049,0.01,141
67.69668,0,7.2143,154.60498,0,-0.0331699999999984,0,0.03315,0,0,10,240.36329,0.35679,0.12652,0.12426,0.13196,0.15672,0.00049,0.01,142
67.66351,0,7.24745,154.60498,0,-0.0331500000000062,0,0.0331299999999999,0,0,10,240.36329,0.35679,0.12652,0.12426,0.13196,0.15672,0.00049,0.01,143
67.63036,0,7.28058,154.60498,0,-0.0331299999999999,0,0.0331200000000003,0,0,10,240.36329,0.35679,0.12652,0.12426,0.13196,0.15672,0.00049,0.01,144
67.59723,0,7.3137,154.60498,0,-0.0331199999999967,0,0.0331000000000001,0,0,10,240.36329,0.35679,0.12652,0.12426,0.13196,0.15672,0.00049,0.01,145
67.56411,0,7.3468,154.60498,0,-0.0331000000000046,0,0.0330899999999996,0,0,10,240.36329,0.35679,0.12652,0.12426,0.13196,0.15672,0.00049,0.01,146
67.53101,0,7.37989,154.60498,0,-0.0330799999999982,0,0.0330700000000004,0,0,10,240.36329,0.35679,0.12652,0.12426,0.13196,0.15672,0.00049,0.01,147
67.49793,0,7.41296,154.60498,0,-0.033069999999995,0,0.0330500000000002,0,0,10,240.36329,0.35679,0.12652,0.12426,0.13196,0.15672,0.00049,0.01,148
67.46486,0,7.44601,154.60498,0,-0.0330500000000029,0,0.0330300000000001,0,0,10,240.36329,0.35679,0.12652,0.12426,0.13196,0.15672,0.00049,0.01,149
67.43181,0,7.47904,154.60498,0,-0.0330399999999997,0,0.0330199999999996,0,0,10,240.36329,0.35679,0.12652,0.12426,0.13196,0.15672,0.00049,0.01,150
67.39877,0,7.51206,154.60498,0,-0.0330199999999934,0,0.03301,0,0,10,240.36329,0.35679,0.12652,0.12426,0.13196,0.15672,0.00049,0.01,151
67.36575,0,7.54507,154.60498,0,-0.0330000000000013,0,0.0329800000000002,0,0,10,240.36329,0.35679,0.12652,0.12426,0.13196,0.15672,0.00049,0.01,152
67.33275,0,7.57805,154.60498,0,-0.0329899999999981,0,0.0329699999999997,0,0,10,240.36329,0.35679,0.12652,0.12426,0.13196,0.15672,0.00049,0.01,153
67.29976,0,7.61102,154.60498,0,-0.0329700000000059,0,0.0329600000000001,0,0,10,240.36329,0.35679,0.12652,0.12426,0.13196,0.15672,0.00049,0.01,154
67.26679,0,7.64398,154.60498,0,-0.0329600000000028,0,0.03294,0,0,10,240.36329,0.35679,0.12652,0.12426,0.13196,0.15672,0.00049,0.01,155
67.23383,0,7.67692,154.60498,0,-0.0329399999999964,0,0.0329199999999998,0,0,10,240.36329,0.35679,0.12652,0.12426,0.13196,0.15672,0.00049,0.01,156
67.20089,0,7.70984,154.60498,0,-0.0329200000000043,0,0.0329100000000002,0,0,10,240.36329,0.35679,0.12652,0.12426,0.13196,0.15672,0.00049,0.01,157
67.16797,0,7.74275,154.60498,0,-0.0328999999999979,0,0.0328900000000001,0,0,10,240.36329,0.35679,0.12652,0.12426,0.13196,0.15672,0.00049,0.01,158
67.13507,0,7.77564,154.60498,0,-0.0328899999999948,0,0.03287,0,0,10,240.36329,0.35679,0.12652,0.12426,0.13196,0.15672,0.00049,0.01,159
67.10218,0,7.80851,154.60498,0,-0.0328800000000058,0,0.0328600000000003,0,0,10,240.36329,0.35679,0.12652,0.12426,0.13196,0.15672,0.00049,0.01,160
67.0693,0,7.84137,154.60498,0,-0.0328599999999994,0,0.0328399999999993,0,0,10,240.36329,0.35679,0.12652,0.12426,0.13196,0.15672,0.00049,0.01,161
67.03644,0,7.87421,154.60498,0,-0.0328399999999931,0,0.0328300000000006,0,0,10,240.36329,0.35679,0.12652,0.12426,0.13196,0.15672,0.00049,0.01,162
67.0036,0,7.90704,154.60498,0,-0.0328300000000041,0,0.0328099999999996,0,0,10,240.36329,0.35679,0.12652,0.12426,0.13196,0.15672,0.00049,0.01,163
66.97077,0,7.93985,154.60498,0,-0.0328099999999978,0,0.0327900000000003,0,0,10,240.36329,0.35679,0.12652,0.12426,0.13196,0.15672,0.00049,0.01,164
66.93796,0,7.97264,154.60498,0,-0.0327900000000056,0,0.0327800000000007,0,0,10,240.36329,0.35679,0.12652,0.12426,0.13196,0.15672,0.00049,0.01,165
66.90517,0,8.00542,154.60498,0,-0.0327800000000025,0,0.0327599999999997,0,0,10,240.36329,0.35679,0.12652,0.12426,0.13196,0.15672,0.00049,0.01,166
66.87239,0,8.03818,154.60498,0,-0.0327599999999961,0,0.0327500000000001,0,0,10,240.36329,0.35679,0.12652,0.12426,0.13196,0.15672,0.00049,0.01,167
66.83963,0,8.07093,154.60498,0,-0.032740000000004,0,0.032729999999999,0,0,10,240.36329,0.35679,0.12652,0.12426,0.13196,0.15672,0.00049,0.01,168
66.80689,0,8.10366,154.60498,0,-0.0327300000000008,0,0.0327099999999998,0,0,10,240.36329,0.35679,0.12652,0.12426,0.13196,0.15672,0.00049,0.01,169
66.77416,0,8.13637,154.60498,0,-0.0327199999999976,0,0.0327000000000002,0,0,10,240.36329,0.35679,0.12652,0.12426,0.13196,0.15672,0.00049,0.01,170
66.74144,0,8.16907,154.60498,0,-0.0326999999999913,0,0.0326800000000009,0,0,10,240.36329,0.35679,0.12652,0.12426,0.13196,0.15672,0.00049,0.01,171
66.70874,0,8.20175,154.60498,0,-0.0326799999999992,0,0.0326699999999995,0,0,10,240.36329,0.35679,0.12652,0.12426,0.13196,0.15672,0.00049,0.01,172
66.67606,0,8.23442,154.60498,0,-0.032660000000007,0,0.0326400000000007,0,0,10,240.36329,0.35679,0.12652,0.12426,0.13196,0.15672,0.00049,0.01,173
66.6434,0,8.26706,154.60498,0,-0.0326500000000038,0,0.0326399999999989,0,0,10,240.36329,0.35679,0.12652,0.12426,0.13196,0.15672,0.00049,0.01,174
66.61075,0,8.2997,154.60498,0,-0.0326400000000007,0,0.0326199999999996,0,0,10,240.36329,0.35679,0.12652,0.12426,0.13196,0.15672,0.00049,0.01,175
66.57811,0,8.33232,154.60498,0,-0.0326099999999911,0,0.0326000000000004,0,0,10,240.36329,0.35679,0.12652,0.12426,0.13196,0.15672,0.00049,0.01,176
66.5455,0,8.36492,154.60498,0,-0.0326000000000022,0,0.0325800000000012,0,0,10,240.36329,0.35679,0.12652,0.12426,0.13196,0.15672,0.00049,0.01,177
66.5129,0,8.3975,154.60498,0,-0.032589999999999,0,0.0325699999999998,0,0,10,240.36329,0.35679,0.12652,0.12426,0.13196,0.15672,0.00049,0.01,178
66.48031,0,8.43007,154.60498,0,-0.0325700000000069,0,0.0325600000000001,0,0,10,240.36329,0.35679,0.12652,0.12426,0.13196,0.15672,0.00049,0.01,179
66.44774,0,8.46263,154.60498,0,-0.0325500000000005,0,0.0325299999999995,0,0,10,240.36329,0.35679,0.12652,0.12426,0.13196,0.15672,0.00049,0.01,180
66.41519,0,8.49516,154.60498,0,-0.0325399999999973,0,0.0325299999999995,0,0,10,240.36329,0.35679,0.12652,0.12426,0.13196,0.15672,0.00049,0.01,181
66.38265,0,8.52769,154.60498,0,-0.0325200000000052,0,0.0325000000000006,0,0,10,240.36329,0.35679,0.12652,0.12426,0.13196,0.15672,0.00049,0.01,182
66.35013,0,8.56019,154.60498,0,-0.0325099999999878,0,0.0324899999999992,0,0,10,240.36329,0.35679,0.12652,0.12426,0.13196,0.15672,0.00049,0.01,183
66.31762,0,8.59268,154.60498,0,-0.0324900000000099,0,0.0324799999999996,0,0,10,240.36329,0.35679,0.12652,0.12426,0.13196,0.15672,0.00049,0.01,184
66.28513,0,8.62516,154.60498,0,-0.0324699999999893,0,0.0324500000000008,0,0,10,240.36329,0.35679,0.12652,0.12426,0.13196,0.15672,0.00049,0.01,185
66.25266,0,8.65761,154.60498,0,-0.0324600000000004,0,0.0324500000000008,0,0,10,240.36329,0.35679,0.12652,0.12426,0.13196,0.15672,0.00049,0.01,186
66.2202,0,8.69006,154.60498,0,-0.0324400000000082,0,0.0324199999999983,0,0,10,240.36329,0.35679,0.12652,0.12426,0.13196,0.15672,0.00049,0.01,187
66.18776,0,8.72248,154.60498,0,-0.0324299999999909,0,0.0324100000000005,0,0,10,240.36329,0.35679,0.12652,0.12426,0.13196,0.15672,0.00049,0.01,188
66.15533,0,8.75489,154.60498,0,-0.0324100000000129,0,0.0324000000000009,0,0,10,240.36329,0.35679,0.12652,0.12426,0.13196,0.15672,0.00049,0.01,189
66.12292,0,8.78729,154.60498,0,-0.0323899999999924,0,0.0323799999999999,0,0,10,240.36329,0.35679,0.12652,0.12426,0.13196,0.15672,0.00049,0.01,190
66.09053,0,8.81967,154.60498,0,-0.0323800000000034,0,0.0323599999999988,0,0,10,240.36329,0.35679,0.12652,0.12426,0.13196,0.15672,0.00049,0.01,191
66.05815,0,8.85203,154.60498,0,-0.0323700000000002,0,0.032350000000001,0,0,10,240.36329,0.35679,0.12652,0.12426,0.13196,0.15672,0.00049,0.01,192
66.02578,0,8.88438,154.60498,0,-0.0323399999999907,0,0.03233,0,0,10,240.36329,0.35679,0.12652,0.12426,0.13196,0.15672,0.00049,0.01,193
65.99344,0,8.91671,154.60498,0,-0.0323300000000017,0,0.0323100000000007,0,0,10,240.36329,0.35679,0.12652,0.12426,0.13196,0.15672,0.00049,0.01,194
65.96111,0,8.94902,154.60498,0,-0.0323199999999986,0,0.0322999999999993,0,0,10,240.36329,0.35679,0.12652,0.12426,0.13196,0.15672,0.00049,0.01,195
65.92879,0,8.98132,154.60498,0,-0.0323000000000064,0,0.0322899999999997,0,0,10,240.36329,0.35679,0.12652,0.12426,0.13196,0.15672,0.00049,0.01,196
65.89649,0,9.01361,154.60498,0,-0.0322800000000001,0,0.0322600000000008,0,0,10,240.36329,0.35679,0.12652,0.12426,0.13196,0.15672,0.00049,0.01,197
65.86421,0,9.04587,154.60498,0,-0.0322699999999969,0,0.0322599999999991,0,0,10,240.36329,0.35679,0.12652,0.12426,0.13196,0.15672,0.00049,0.01,198
65.83194,0,9.07813,154.60498,0,-0.0322500000000048,0,0.0322300000000002,0,0,10,240.36329,0.35679,0.12652,0.12426,0.13196,0.15672,0.00049,0.01,199
65.79969,0,9.11036,154.60498,0,-0.0322400000000016,0,0.0322200000000006,0,0,10,240.36329,0.35679,0.12652,0.12426,0.13196,0.15672,0.00049,0.01,200
65.76745,0,9.14258,154.60498,0,-0.0322199999999953,0,0.0322099999999992,0,0,10,240.36329,0.35679,0.12652,0.12426,0.13196,0.15672,0.00049,0.01,201
65.73523,0,9.17479,154.60498,0,-0.0322000000000031,0,0.0321899999999999,0,0,10,240.36329,0.35679,0.12652,0.12426,0.13196,0.15672,0.00049,0.01,202
65.70303,0,9.20698,154.60498,0,-0.0321899999999999,0,0.0321700000000007,0,0,10,240.36329,0.35679,0.12652,0.12426,0.13196,0.15672,0.00049,0.01,203
65.67084,0,9.23915,154.60498,0,-0.0321799999999968,0,0.0321599999999993,0,0,10,240.36329,0.35679,0.12652,0.12426,0.13196,0.15672,0.00049,0.01,204
65.63866,0,9.27131,154.60498,0,-0.0321500000000015,0,0.0321400000000001,0,0,10,240.36329,0.35679,0.12652,0.12426,0.13196,0.15672,0.00049,0.01,205
65.60651,0,9.30345,154.60498,0,-0.0321399999999983,0,0.0321200000000008,0,0,10,240.36329,0.35679,0.12652,0.12426,0.13196,0.15672,0.00049,0.01,206
65.57437,0,9.33557,154.60498,0,-0.0321299999999951,0,0.0321099999999994,0,0,10,240.36329,0.35679,0.12652,0.12426,0.13196,0.15672,0.00049,0.01,207
65.54224,0,9.36768,154.60498,0,-0.032110000000003,0,0.0320999999999998,0,0,10,240.36329,0.35679,0.12652,0.12426,0.13196,0.15672,0.00049,0.01,208
65.51013,0,9.39978,154.60498,0,-0.0320900000000108,0,0.0320800000000006,0,0,10,240.36329,0.35679,0.12652,0.12426,0.13196,0.15672,0.00049,0.01,209
65.47804,0,9.43186,154.60498,0,-0.0320799999999934,0,0.0320599999999995,0,0,10,240.36329,0.35679,0.12652,0.12426,0.13196,0.15672,0.00049,0.01,210
65.44596,0,9.46392,154.60498,0,-0.0320700000000045,0,0.0320499999999999,0,0,10,240.36329,0.35679,0.12652,0.12426,0.13196,0.15672,0.00049,0.01,211
65.41389,0,9.49597,154.60498,0,-0.032039999999995,0,0.0320300000000007,0,0,10,240.36329,0.35679,0.12652,0.12426,0.13196,0.15672,0.00049,0.01,212
65.38185,0,9.528,154.60498,0,-0.032030000000006,0,0.0320099999999996,0,0,10,240.36329,0.35679,0.12652,0.12426,0.13196,0.15672,0.00049,0.01,213
65.34982,0,9.56001,154.60498,0,-0.0320199999999886,0,0.032,0,0,10,240.36329,0.35679,0.12652,0.12426,0.13196,0.15672,0.00049,0.01,214
65.3178,0,9.59201,154.60498,0,-0.0320000000000107,0,0.0319900000000004,0,0,10,240.36329,0.35679,0.12652,0.12426,0.13196,0.15672,0.00049,0.01,215
65.2858,0,9.624,154.60498,0,-0.0319899999999933,0,0.0319699999999994,0,0,10,240.36329,0.35679,0.12652,0.12426,0.13196,0.15672,0.00049,0.01,216
65.25381,0,9.65597,154.60498,0,-0.031959999999998,0,0.0319500000000001,0,0,10,240.36329,0.35679,0.12652,0.12426,0.13196,0.15672,0.00049,0.01,217
65.22185,0,9.68792,154.60498,0,-0.031959999999998,0,0.0319400000000005,0,0,10,240.36329,0.35679,0.12652,0.12426,0.13196,0.15672,0.00049,0.01,218
65.18989,0,9.71986,154.60498,0,-0.0319300000000027,0,0.0319199999999995,0,0,10,240.36329,0.35679,0.12652,0.12426,0.13196,0.15672,0.00049,0.01,219
65.15796,0,9.75178,154.60498,0,-0.0319300000000027,0,0.0319099999999999,0,0,10,240.36329,0.35679,0.12652,0.12426,0.13196,0.15672,0.00049,0.01,220
65.12603,0,9.78369,154.60498,0,-0.0318999999999932,0,0.0318900000000006,0,0,10,240.36329,0.35679,0.12652,0.12426,0.13196,0.15672,0.00049,0.01,221
65.09413,0,9.81558,154.60498,0,-0.0318900000000042,0,0.0318699999999996,0,0,10,240.36329,0.35679,0.12652,0.12426,0.13196,0.15672,0.00049,0.01,222
65.06224,0,9.84745,154.60498,0,-0.031880000000001,0,0.03186,0,0,10,240.36329,0.35679,0.12652,0.12426,0.13196,0.15672,0.00049,0.01,223
65.03036,0,9.87931,154.60498,0,-0.0318599999999947,0,0.031839999999999,0,0,10,240.36329,0.35679,0.12652,0.12426,0.13196,0.15672,0.00049,0.01,224
64.9985,0,9.91115,154.60498,0,-0.0318400000000025,0,0.0318300000000011,0,0,10,240.36329,0.35679,0.12652,0.12426,0.13196,0.15672,0.00049,0.01,225
64.96666,0,9.94298,154.60498,0,-0.0318299999999994,0,0.0318100000000001,0,0,10,240.36329,0.35679,0.12652,0.12426,0.13196,0.15672,0.00049,0.01,226
64.93483,0,9.97479,154.60498,0,-0.0318100000000072,0,0.0317999999999987,-1.28652000000002,1.28586,10,240.36329,0.35679,0.12652,0.12426,0.13196,0.15672,0.00049,0.01,227
64.90302,0,10.00659,153.31846,1.28586,-0.176549999999992,0,0.176410000000001,-1.30710999999999,1.30642,10,240.36329,0.35679,0.12652,0.12426,0.13196,0.15672,0.00049,0.01,228
64.72647,0,10.183,152.01135,2.59228,-0.178620000000009,0,0.17848,-1.32785999999999,1.3271,10,240.36329,0.35679,0.12652,0.12426,0.13196,0.15672,0.00049,0.01,229
64.54785,0,10.36148,150.68349,3.91938,-0.180689999999998,0,0.180540000000001,-1.34872000000001,1.34793,10,240.36329,0.35679,0.12652,0.12426,0.13196,0.15672,0.00049,0.01,230
64.36716,0,10.54202,149.33477,5.26731,-0.182779999999994,0,0.18263,-1.36971,1.36886,10,240.36329,0.35679,0.12652,0.12426,0.13196,0.15672,0.00049,0.01,231
64.18438,0,10.72465,147.96506,6.63617,-0.184870000000004,0,0.184719999999999,-1.39080999999999,1.38991,10,240.36329,0.35679,0.12652,0.12426,0.13196,0.15672,0.00049,0.01,232
63.99951,0,10.90937,146.57425,8.02608,-0.186970000000002,0,0.186810000000001,-1.41204000000002,1.41107,10,240.36329,0.35679,0.12652,0.12426,0.13196,0.15672,0.00049,0.01,233
63.81254,0,11.09618,145.16221,9.43715,-0.18909,0,0.188929999999999,-1.43337,1.43233,10,240.36329,0.35679,0.12652,0.12426,0.13196,0.15672,0.00049,0.01,234
63.62345,0,11.28511,143.72884,10.86948,-0.191199999999995,0,0.19103,-1.45478,1.45369,10,240.36329,0.35679,0.12652,0.12426,0.13196,0.15672,0.00049,0.01,235
63.43225,0,11.47614,142.27406,12.32317,-0.193330000000003,0,0.193160000000001,-1.47630999999998,1.47513,10,240.36329,0.35679,0.12652,0.12426,0.13196,0.15672,0.00049,0.01,236
63.23892,0,11.6693,140.79775,13.7983,-0.19547,0,0.19529,-1.49789000000001,1.49665,10,240.36329,0.35679,0.12652,0.12426,0.13196,0.15672,0.00049,0.01,237
63.04345,0,11.86459,139.29986,15.29495,-0.197600000000001,0,0.197430000000001,-1.51956999999999,1.51823,10,240.36329,0.35679,0.12652,0.12426,0.13196,0.15672,0.00049,0.01,238
62.84585,0,12.06202,137.78029,16.81318,-0.199750000000002,0,0.19956,-1.54130000000001,1.53988,10,240.36329,0.35679,0.12652,0.12426,0.13196,0.15672,0.00049,0.01,239
62.6461,0,12.26158,136.23899,18.35306,-0.201909999999998,0,0.20172,-1.56308000000001,1.56156,10,240.36329,0.35679,0.12652,0.12426,0.13196,0.15672,0.00049,0.01,240
62.44419,0,12.4633,134.67591,19.91462,-0.204059999999998,0,0.203860000000001,-1.58490999999998,1.58329,10,240.36329,0.35679,0.12652,0.12426,0.13196,0.15672,0.00049,0.01,241
62.24013,0,12.66716,133.091,21.49791,-0.206220000000002,0,0.206029999999998,-1.60678000000001,1.60504,10,240.36329,0.35679,0.12652,0.12426,0.13196,0.15672,0.00049,0.01,242
62.03391,0,12.87319,131.48422,23.10295,-0.208390000000001,0,0.20818,-1.62863999999999,1.6268,10,240.36329,0.35679,0.12652,0.12426,0.13196,0.15672,0.00049,0.01,243
61.82552,0,13.08137,129.85558,24.72975,-0.210549999999998,0,0.21034,-1.65054000000001,1.64857,10,240.36329,0.35679,0.12652,0.12426,0.13196,0.15672,0.00049,0.01,244
61.61497,0,13.29171,128.20504,26.37832,-0.212730000000001,0,0.21252,-1.6724,1.6703,10,240.36329,0.35679,0.12652,0.12426,0.13196,0.15672,0.00049,0.01,245
61.40224,0,13.50423,126.53264,28.04862,-0.214909999999996,0,0.21468,-1.69426,1.69201,10,240.36329,0.35679,0.12652,0.12426,0.13196,0.15672,0.00049,0.01,246
61.18733,0,13.71891,124.83838,29.74063,-0.217080000000003,0,0.216850000000001,-1.71608000000001,1.71368,10,240.36329,0.35679,0.12652,0.12426,0.13196,0.15672,0.00049,0.01,247
60.97025,0,13.93576,123.1223,31.45431,-0.219259999999998,0,0.21903,-1.73783,1.73527,10,240.36329,0.35679,0.12652,0.12426,0.13196,0.15672,0.00049,0.01,248
60.75099,0,14.15479,121.38447,33.18958,-0.221430000000005,0,0.22119,-1.75950999999999,1.75678,10,240.36329,0.35679,0.12652,0.12426,0.13196,0.15672,0.00049,0.01,249
60.52956,0,14.37598,119.62496,34.94636,-0.223619999999997,0,0.223369999999999,-1.78111,1.77818,10,240.36329,0.35679,0.12652,0.12426,0.13196,0.15672,0.00049,0.01,250
60.30594,0,14.59935,117.84385,36.72454,-0.225789999999996,0,0.225530000000001,-1.80258000000001,1.79946,10,240.36329,0.35679,0.12652,0.12426,0.13196,0.15672,0.00049,0.01,251
60.08015,0,14.82488,116.04127,38.524,-0.227960000000003,0,0.22771,-1.82393,1.82058,10,240.36329,0.35679,0.12652,0.12426,0.13196,0.15672,0.00049,0.01,252
59.85219,0,15.05259,114.21734,40.34458,-0.230139999999999,0,0.22987,-1.84509999999999,1.84154,10,240.36329,0.35679,0.12652,0.12426,0.13196,0.15672,0.00049,0.01,253
59.62205,0,15.28246,112.37224,42.18612,-0.232309999999998,0,0.23204,-1.86611000000001,1.8623,10,240.36329,0.35679,0.12652,0.12426,0.13196,0.15672,0.00049,0.01,254
59.38974,0,15.5145,110.50613,44.04842,-0.234480000000005,0,0.23419,-1.8869,1.88282,10,240.36329,0.35679,0.12652,0.12426,0.13196,0.15672,0.00049,0.01,255
59.15526,0,15.74869,108.61923,45.93124,-0.236640000000001,0,0.23635,-1.90745,1.90308,10,240.36329,0.35679,0.12652,0.12426,0.13196,0.15672,0.00049,0.01,256
58.91862,0,15.98504,106.71178,47.83432,-0.238799999999998,0,0.2385,-1.92773000000001,1.92306,10,240.36329,0.35679,0.12652,0.12426,0.13196,0.15672,0.00049,0.01,257
58.67982,0,16.22354,104.78405,49.75738,-0.240960000000001,0,0.240649999999999,-1.94771999999999,1.94272,10,240.36329,0.35679,0.12652,0.12426,0.13196,0.15672,0.00049,0.01,258
58.43886,0,16.46419,102.83633,51.7001,-0.243089999999995,0,0.24278,-1.96736,1.96202,10,240.36329,0.35679,0.12652,0.12426,0.13196,0.15672,0.00049,0.01,259
58.19577,0,16.70697,100.86897,53.66212,-0.245240000000003,0,0.244910000000001,-1.98664000000001,1.98091,10,240.36329,0.35679,0.12652,0.12426,0.13196,0.15672,0.00049,0.01,260
57.95053,0,16.95188,98.88233,55.64303,-0.247370000000004,0,0.247040000000002,-2.0055,1.99937,10,240.36329,0.35679,0.12652,0.12426,0.13196,0.15672,0.00049,0.01,261
57.70316,0,17.19892,96.87683,57.6424,-0.249489999999994,0,0.249140000000001,-2.02392,2.01735,10,240.36329,0.35679,0.12652,0.12426,0.13196,0.15672,0.00049,0.01,262
57.45367,0,17.44806,94.85291,59.65975,-0.251600000000003,0,0.251259999999998,-2.04182,2.03478,10,240.36329,0.35679,0.12652,0.12426,0.13196,0.15672,0.00049,0.01,263
57.20207,0,17.69932,92.81109,61.69453,-0.253709999999998,0,0.253340000000001,-2.05918999999999,2.05165,10,240.36329,0.35679,0.12652,0.12426,0.13196,0.15672,0.00049,0.01,264
56.94836,0,17.95266,90.7519,63.74618,-0.255800000000001,0,0.255429999999997,-2.07596000000001,2.06786999999999,10,240.36329,0.35679,0.12652,0.12426,0.13196,0.15672,0.00049,0.01,265
56.69256,0,18.20809,88.67594,65.81405,-0.25788,0,0.2575,-2.09206999999999,2.08339000000001,10,240.36329,0.35679,0.12652,0.12426,0.13196,0.15672,0.00049,0.01,266
56.43468,0,18.46559,86.58387,67.89744,-0.25994,0,0.259550000000001,-2.10747000000001,2.09817,10,240.36329,0.35679,0.12652,0.12426,0.13196,0.15672,0.00049,0.01,267
56.17474,0,18.72514,84.4764,69.99561,-0.262009999999997,0,0.261600000000001,-2.1221,2.11211,10,240.36329,0.35679,0.12652,0.12426,0.13196,0.15672,0.00049,0.01,268
55.91273,0,18.98674,82.3543,72.10772,-0.264040000000001,0,0.26362,-2.13588999999999,2.12515999999999,10,240.36329,0.35679,0.12652,0.12426,0.13196,0.15672,0.00049,0.01,269
55.64869,0,19.25036,80.21841,74.23288,-0.266060000000003,0,0.265639999999998,-2.14874,2.13724000000001,10,240.36329,0.35679,0.12652,0.12426,0.13196,0.15672,0.00049,0.01,270
55.38263,0,19.516,78.06967,76.37012,-0.268070000000002,0,0.26764,-2.16062000000001,2.14825999999999,10,240.36329,0.35679,0.12652,0.12426,0.13196,0.15672,0.00049,0.01,271
55.11456,0,19.78364,75.90905,78.51838,-0.270069999999997,0,0.269620000000003,-2.17142,2.15813,10,240.36329,0.35679,0.12652,0.12426,0.13196,0.15672,0.00049,0.01,272
54.84449,0,20.05326,73.73763,80.67651,-0.272039999999997,0,0.271579999999997,-2.18105,2.16678,10,240.36329,0.35679,0.12652,0.12426,0.13196,0.15672,0.00049,0.01,273
54.57245,0,20.32484,71.55658,82.84329,-0.274000000000001,0,0.273520000000001,-2.18942,2.17408,10,240.36329,0.35679,0.12652,0.12426,0.13196,0.15672,0.00049,0.01,274
54.29845,0,20.59836,69.36716,85.01737,-0.275930000000002,0,0.275449999999999,-2.19642999999999,2.17995000000001,10,240.36329,0.35679,0.12652,0.12426,0.13196,0.15672,0.00049,0.01,275
54.02252,0,20.87381,67.17073,87.19732,-0.277850000000001,0,0.277350000000002,-2.20197,2.18423999999999,10,240.36329,0.35679,0.12652,0.12426,0.13196,0.15672,0.00049,0.01,276
53.74467,0,21.15116,64.96876,89.38156,-0.279739999999997,0,0.279239999999998,-2.20593,2.18686000000001,10,240.36329,0.35679,0.12652,0.12426,0.13196,0.15672,0.00049,0.01,277
53.46493,0,21.4304,62.76283,91.56842,-0.281620000000004,0,0.281090000000003,-2.20817,2.18767,10,240.36329,0.35679,0.12652,0.12426,0.13196,0.15672,0.00049,0.01,278
53.18331,0,21.71149,60.55466,93.75609,-0.283470000000001,0,0.28293,-2.20858,2.18653,10,240.36329,0.35679,0.12652,0.12426,0.13196,0.15672,0.00049,0.01,279
52.89984,0,21.99442,58.34608,95.94262,-0.285299999999999,0,0.284749999999999,-2.20702,2.18329,10,240.36329,0.35679,0.12652,0.12426,0.13196,0.15672,0.00049,0.01,280
52.61454,0,22.27917,56.13906,98.12591,-0.287099999999995,0,0.286529999999999,-2.20332,2.17782,10,240.36329,0.35679,0.12652,0.12426,0.13196,0.15672,0.00049,0.01,281
52.32744,0,22.5657,53.93574,100.30373,-0.288880000000006,0,0.2883,-2.19736,2.16992999999999,10,240.36329,0.35679,0.12652,0.12426,0.13196,0.15672,0.00049,0.01,282
52.03856,0,22.854,51.73838,102.47366,-0.29063,0,0.290040000000001,-2.18896,2.15948,10,240.36329,0.35679,0.12652,0.12426,0.13196,0.15672,0.00049,0.01,283
51.74793,0,23.14404,49.54942,104.63314,-0.292359999999995,0,0.291740000000001,-2.17795,2.14626,10,240.36329,0.35679,0.12652,0.12426,0.13196,0.15672,0.00049,0.01,284
51.45557,0,23.43578,47.37147,106.7794,-0.294049999999999,0,0.293429999999997,-2.16418,2.13014000000001,10,240.36329,0.35679,0.12652,0.12426,0.13196,0.15672,0.00049,0.01,285
51.16152,0,23.72921,45.20729,108.90954,-0.295720000000003,0,0.295080000000002,-2.14743,2.11090999999999,10,240.36329,0.35679,0.12652,0.12426,0.13196,0.15672,0.00049,0.01,286
50.8658,0,24.02429,43.05986,111.02045,-0.297359999999998,0,0.296699999999998,-2.12757,2.08838,10,240.36329,0.35679,0.12652,0.12426,0.13196,0.15672,0.00049,0.01,287
50.56844,0,24.32099,40.93229,113.10883,-0.298970000000004,0,0.298290000000001,-2.10438,2.0624,10,240.36329,0.35679,0.12652,0.12426,0.13196,0.15672,0.00049,0.01,288
50.26947,0,24.61928,38.82791,115.17123,-0.300550000000001,0,0.299859999999999,-2.0777,2.03278,10,240.36329,0.35679,0.12652,0.12426,0.13196,0.15672,0.00049,0.01,289
49.96892,0,24.91914,36.75021,117.20401,-0.30209,0,0.301380000000002,-2.04735,1.99934,10,240.36329,0.35679,0.12652,0.12426,0.13196,0.15672,0.00049,0.01,290
49.66683,0,25.22052,34.70286,119.20335,-0.303609999999999,0,0.302889999999998,-2.01318,1.96198,10,240.36329,0.35679,0.12652,0.12426,0.13196,0.15672,0.00049,0.01,291
49.36322,0,25.52341,32.68968,121.16533,-0.30509,0,0.304340000000003,-1.97505,1.92054,10,240.36329,0.35679,0.12652,0.12426,0.13196,0.15672,0.00049,0.01,292
49.05813,0,25.82775,30.71463,123.08587,-0.306529999999995,0,0.305769999999999,-1.93283,1.87495,10,240.36329,0.35679,0.12652,0.12426,0.13196,0.15672,0.00049,0.01,293
48.7516,0,26.13352,28.7818,124.96082,-0.307950000000005,0,0.307169999999999,-1.88642,1.82513,10,240.36329,0.35679,0.12652,0.12426,0.13196,0.15672,0.00049,0.01,294
48.44365,0,26.44069,26.89538,126.78595,-0.30932,0,0.308520000000001,-1.83582,1.77111000000001,10,240.36329,0.35679,0.12652,0.12426,0.13196,0.15672,0.00049,0.01,295
48.13433,0,26.74921,25.05956,128.55706,-0.310659999999999,0,0.309839999999998,-1.78097,1.71294,10,240.36329,0.35679,0.12652,0.12426,0.13196,0.15672,0.00049,0.01,296
47.82367,0,27.05905,23.27859,130.27,-0.311959999999999,0,0.311130000000002,-1.722,1.65073999999998,10,240.36329,0.35679,0.12652,0.12426,0.13196,0.15672,0.00049,0.01,297
47.51171,0,27.37018,21.55659,131.92074,-0.313220000000001,0,0.312369999999998,-1.65898,1.58468999999999,10,240.36329,0.35679,0.12652,0.12426,0.13196,0.15672,0.00049,0.01,298
47.19849,0,27.68255,19.89761,133.50543,-0.314459999999997,0,0.313570000000002,-1.59215,1.51513,10,240.36329,0.35679,0.12652,0.12426,0.13196,0.15672,0.00049,0.01,299
46.88403,0,27.99612,18.30546,135.02056,-0.315630000000006,0,0.31475,-1.52182,1.44238000000001,10,240.36329,0.35679,0.12652,0.12426,0.13196,0.15672,0.00049,0.01,300
46.5684,0,28.31087,16.78364,136.46294,-0.316789999999997,0,0.31587,-1.44833,1.36695,10,240.36329,0.35679,0.12652,0.12426,0.13196,0.15672,0.00049,0.01,301
46.25161,0,28.62674,15.33531,137.82989,-0.317889999999998,0,0.316949999999999,-1.37219,1.28936999999999,10,240.36329,0.35679,0.12652,0.12426,0.13196,0.15672,0.00049,0.01,302
45.93372,0,28.94369,13.96312,139.11926,-0.318950000000001,0,0.318000000000001,-1.29394,1.21026000000001,10,240.36329,0.35679,0.12652,0.12426,0.13196,0.15672,0.00049,0.01,303
45.61477,0,29.26169,12.66918,140.32952,-0.319980000000001,0,0.319009999999999,-1.21422,1.13032999999999,10,240.36329,0.35679,0.12652,0.12426,0.13196,0.15672,0.00049,0.01,304
45.29479,0,29.5807,11.45496,141.45985,-0.320959999999999,0,0.319959999999998,-1.13372,1.05031000000002,10,240.36329,0.35679,0.12652,0.12426,0.13196,0.15672,0.00049,0.01,305
44.97383,0,29.90066,10.32124,142.51016,-0.321899999999999,0,0.320880000000002,-1.05317,0.970929999999981,10,240.36329,0.35679,0.12652,0.12426,0.13196,0.15672,0.00049,0.01,306
44.65193,0,30.22154,9.26807,143.48109,-0.322800000000001,0,0.321759999999998,-0.97334,0.892950000000013,10,240.36329,0.35679,0.12652,0.12426,0.13196,0.15672,0.00049,0.01,307
44.32913,0,30.5433,8.29473,144.37404,-0.323639999999997,0,0.322580000000002,-0.89495,0.817059999999998,10,240.36329,0.35679,0.12652,0.12426,0.13196,0.15672,0.00049,0.01,308
44.00549,0,30.86588,7.39978,145.1911,-0.324460000000002,0,0.323370000000001,-0.8187,0.743899999999996,10,240.36329,0.35679,0.12652,0.12426,0.13196,0.15672,0.00049,0.01,309
43.68103,0,31.18925,6.58108,145.935,-0.325209999999998,0,0.324109999999997,-0.74524,0.674039999999991,10,240.36329,0.35679,0.12652,0.12426,0.13196,0.15672,0.00049,0.01,310
43.35582,0,31.51336,5.83584,146.60904,-0.32593,0,0.3248,-0.67511,0.607900000000001,10,240.36329,0.35679,0.12652,0.12426,0.13196,0.15672,0.00049,0.01,311
43.02989,0,31.83816,5.16073,147.21694,-0.326599999999999,0,0.32545,-0.60876,0.545860000000005,10,240.36329,0.35679,0.12652,0.12426,0.13196,0.15672,0.00049,0.01,312
42.70329,0,32.16361,4.55197,147.7628,-0.32723,0,0.326059999999998,-0.54654,0.488120000000009,10,240.36329,0.35679,0.12652,0.12426,0.13196,0.15672,0.00049,0.01,313
42.37606,0,32.48967,4.00543,148.25092,-0.327809999999999,0,0.326610000000002,-0.48865,0.434809999999999,10,240.36329,0.35679,0.12652,0.12426,0.13196,0.15672,0.00049,0.01,314
42.04825,0,32.81628,3.51678,148.68573,-0.328340000000004,0,0.327120000000001,-0.43523,0.385940000000005,10,240.36329,0.35679,0.12652,0.12426,0.13196,0.15672,0.00049,0.01,315
41.71991,0,33.1434,3.08155,149.07167,-0.32882,0,0.327579999999998,-0.38626,0.341459999999984,10,240.36329,0.35679,0.12652,0.12426,0.13196,0.15672,0.00049,0.01,316
41.39109,0,33.47098,2.69529,149.41313,-0.329259999999998,0,0.32799,-0.34171,0.301199999999994,10,240.36329,0.35679,0.12652,0.12426,0.13196,0.15672,0.00049,0.01,317
41.06183,0,33.79897,2.35358,149.71433,-0.329650000000001,0,0.328360000000004,-0.30139,0.264990000000012,10,240.36329,0.35679,0.12652,0.12426,0.13196,0.15672,0.00049,0.01,318
40.73218,0,34.12733,2.05219,149.97932,-0.329990000000002,0,0.328690000000002,-0.26513,0.232560000000007,10,240.36329,0.35679,0.12652,0.12426,0.13196,0.15672,0.00049,0.01,319
40.40219,0,34.45602,1.78706,150.21188,-0.330289999999998,0,0.328949999999999,-0.23267,0.203679999999991,10,240.36329,0.35679,0.12652,0.12426,0.13196,0.15672,0.00049,0.01,320
40.0719,0,34.78497,1.55439,150.41556,-0.330529999999996,0,0.329169999999998,-0.20376,0.178030000000007,10,240.36329,0.35679,0.12652,0.12426,0.13196,0.15672,0.00049,0.01,321
39.74137,0,35.11414,1.35063,150.59359,-0.330730000000003,0,0.329340000000002,-0.1781,0.155370000000005,10,240.36329,0.35679,0.12652,0.12426,0.13196,0.15672,0.00049,0.01,322
39.41064,0,35.44348,1.17253,150.74896,-0.330869999999997,0,0.329470000000001,-0.15541,0.135379999999998,10,240.36329,0.35679,0.12652,0.12426,0.13196,0.15672,0.00049,0.01,323
39.07977,0,35.77295,1.01712,150.88434,-0.330980000000004,0,0.329549999999998,-0.13542,0.117819999999995,10,240.36329,0.35679,0.12652,0.12426,0.13196,0.15672,0.00049,0.01,324
38.74879,0,36.1025,0.8817,151.00216,-0.331029999999998,0,0.32958,-0.11784,0.102419999999995,10,240.36329,0.35679,0.12652,0.12426,0.13196,0.15672,0.00049,0.01,325
38.41776,0,36.43208,0.76386,151.10458,-0.331029999999998,0,0.329549999999998,-0.10243,0.088940000000008,10,240.36329,0.35679,0.12652,0.12426,0.13196,0.15672,0.00049,0.01,326
38.08673,0,36.76163,0.66143,151.19352,-0.330980000000004,0,0.329480000000004,-0.0889599999999999,0.0771699999999953,10,240.36329,0.35679,0.12652,0.12426,0.13196,0.15672,0.00049,0.01,327
37.75575,0,37.09111,0.57247,151.27069,-0.330889999999997,0,0.329369999999997,-0.07718,0.0669100000000071,10,240.36329,0.35679,0.12652,0.12426,0.13196,0.15672,0.00049,0.01,328
37.42486,0,37.42048,0.49529,151.3376,-0.330750000000002,0,0.329190000000004,-0.06692,0.0579799999999864,10,240.36329,0.35679,0.12652,0.12426,0.13196,0.15672,0.00049,0.01,329
37.09411,0,37.74967,0.42837,151.39558,-0.330550000000002,0,0.328980000000001,-0.05799,0.0502199999999959,10,240.36329,0.35679,0.12652,0.12426,0.13196,0.15672,0.00049,0.01,330
36.76356,0,38.07865,0.37038,151.4458,-0.330309999999997,0,0.328719999999997,-0.05022,0.0434600000000103,10,240.36329,0.35679,0.12652,0.12426,0.13196,0.15672,0.00049,0.01,331
36.43325,0,38.40737,0.32016,151.48926,-0.330019999999998,0,0.328400000000002,-0.04346,0.0376100000000008,10,240.36329,0.35679,0.12652,0.12426,0.13196,0.15672,0.00049,0.01,332
36.10323,0,38.73577,0.2767,151.52687,-0.329690000000006,0,0.328039999999994,-0.03761,0.0325300000000084,10,240.36329,0.35679,0.12652,0.12426,0.13196,0.15672,0.00049,0.01,333
35.77354,0,39.06381,0.23909,151.5594,-0.329299999999996,0,0.327630000000006,-0.03253,0.028129999999976,10,240.36329,0.35679,0.12652,0.12426,0.13196,0.15672,0.00049,0.01,334
35.44424,0,39.39144,0.20656,151.58753,-0.328859999999999,0,0.327179999999998,-0.02813,0.024310000000014,10,240.36329,0.35679,0.12652,0.12426,0.13196,0.15672,0.00049,0.01,335
35.11538,0,39.71862,0.17843,151.61184,-0.328380000000003,0,0.32667,-0.02432,0.0210199999999929,10,240.36329,0.35679,0.12652,0.12426,0.13196,0.15672,0.00049,0.01,336
34.787,0,40.04529,0.15411,151.63286,-0.327860000000001,0,0.326119999999996,-0.02101,0.0181599999999946,10,240.36329,0.35679,0.12652,0.12426,0.13196,0.15672,0.00049,0.01,337
34.45914,0,40.37141,0.1331,151.65102,-0.327279999999995,0,0.325530000000001,-0.01816,0.0156800000000032,10,240.36329,0.35679,0.12652,0.12426,0.13196,0.15672,0.00049,0.01,338
34.13186,0,40.69694,0.11494,151.6667,-0.326660000000004,0,0.324870000000004,-0.01569,0.0135600000000125,10,240.36329,0.35679,0.12652,0.12426,0.13196,0.15672,0.00049,0.01,339
33.8052,0,41.02181,0.09925,151.68026,-0.325989999999997,0,0.324189999999994,-0.01356,0.0116999999999905,10,240.36329,0.35679,0.12652,0.12426,0.13196,0.15672,0.00049,0.01,340
33.47921,0,41.346,0.08569,151.69196,-0.325279999999999,0,0.323450000000001,-0.0117,0.0101099999999974,10,240.36329,0.35679,0.12652,0.12426,0.13196,0.15672,0.00049,0.01,341
33.15393,0,41.66945,0.07399,151.70207,-0.324510000000004,0,0.322670000000002,-0.01011,0.00873000000001412,10,240.36329,0.35679,0.12652,0.12426,0.13196,0.15672,0.00049,0.01,342
32.82942,0,41.99212,0.06388,151.7108,-0.323709999999998,0,0.321840000000002,-0.00873000000000001,0.00754000000000588,10,240.36329,0.35679,0.12652,0.12426,0.13196,0.15672,0.00049,0.01,343
32.50571,0,42.31396,0.05515,151.71834,-0.322859999999999,0,0.320969999999996,-0.00754,0.00650999999999158,10,240.36329,0.35679,0.12652,0.12426,0.13196,0.15672,0.00049,0.01,344
32.18285,0,42.63493,0.04761,151.72485,-0.32197,0,0.320060000000005,-0.00651,0.0056199999999933,10,240.36329,0.35679,0.12652,0.12426,0.13196,0.15672,0.00049,0.01,345
31.86088,0,42.95499,0.0411,151.73047,-0.32103,0,0.319099999999999,-0.00562,0.00486000000000786,10,240.36329,0.35679,0.12652,0.12426,0.13196,0.15672,0.00049,0.01,346
31.53985,0,43.27409,0.03548,151.73533,-0.320050000000002,0,0.318089999999998,-0.00486,0.00417999999999097,10,240.36329,0.35679,0.12652,0.12426,0.13196,0.15672,0.00049,0.01,347
31.2198,0,43.59218,0.03062,151.73951,-0.319019999999998,0,0.317059999999998,-0.00418,0.00362000000001217,10,240.36329,0.35679,0.12652,0.12426,0.13196,0.15672,0.00049,0.01,348
30.90078,0,43.90924,0.02644,151.74313,-0.317959999999999,0,0.315960000000004,-0.00362,0.00311999999999557,10,240.36329,0.35679,0.12652,0.12426,0.13196,0.15672,0.00049,0.01,349
30.58282,0,44.2252,0.02282,151.74625,-0.316850000000002,0,0.314839999999997,-0.00312,0.00270000000000437,10,240.36329,0.35679,0.12652,0.12426,0.13196,0.15672,0.00049,0.01,350
30.26597,0,44.54004,0.0197,151.74895,-0.315709999999999,0,0.313680000000005,-0.0027,0.00231999999999744,10,240.36329,0.35679,0.12652,0.12426,0.13196,0.15672,0.00049,0.01,351
29.95026,0,44.85372,0.017,151.75127,-0.314520000000002,0,0.312459999999994,-0.00232,0.0020099999999843,10,240.36329,0.35679,0.12652,0.12426,0.13196,0.15672,0.00049,0.01,352
29.63574,0,45.16618,0.01468,151.75328,-0.313279999999999,0,0.311220000000006,-0.00201,0.00174000000001229,10,240.36329,0.35679,0.12652,0.12426,0.13196,0.15672,0.00049,0.01,353
29.32246,0,45.4774,0.01267,151.75502,-0.31203,0,0.309939999999997,-0.00174,0.00148999999998978,10,240.36329,0.35679,0.12652,0.12426,0.13196,0.15672,0.00049,0.01,354
29.01043,0,45.78734,0.01093,151.75651,-0.31071,0,0.308610000000002,-0.00149,0.00129000000001156,10,240.36329,0.35679,0.12652,0.12426,0.13196,0.15672,0.00049,0.01,355
