"S","A","R","P","C","dS","dA","dR","dP","dC","Q","N","uc_F","lc_f","mu","lmda","phi","kappa","epsilon","t"
11.48531,102.72958,0.01845,130.33189,0,10.18563,-11.47672,0.0159,0,0,12,246.00067,0.4702,0.13908,0.1117,0.07623,0.25161,0.00067,0.01,1
21.67094,91.25286,0.03435,130.33189,0,9.03988,-10.19593,0.02317,0,0,12,246.00067,0.4702,0.13908,0.1117,0.07623,0.25161,0.00067,0.01,2
30.71082,81.05693,0.05752,130.33189,0,8.02194,-9.05878,0.0303,0,0,12,246.00067,0.4702,0.13908,0.1117,0.07623,0.25161,0.00067,0.01,3
38.73276,71.99815,0.08782,130.33189,0,7.11744,-8.04917,0.03737,0,0,12,246.00067,0.4702,0.13908,0.1117,0.07623,0.25161,0.00067,0.01,4
45.8502,63.94898,0.12519,130.33189,0,6.31368,-7.15289,0.04443,0,0,12,246.00067,0.4702,0.13908,0.1117,0.07623,0.25161,0.00067,0.01,5
52.16388,56.79609,0.16962,130.33189,0,5.59932,-6.35724,0.05154,0,0,12,246.00067,0.4702,0.13908,0.1117,0.07623,0.25161,0.00067,0.01,6
57.7632,50.43885,0.22116,130.33189,0,4.96433,-5.65101,0.05875,0,0,12,246.00067,0.4702,0.13908,0.1117,0.07623,0.25161,0.00067,0.01,7
62.72753,44.78784,0.27991,130.33189,0,4.39979,-5.02419,0.0661,0,0,12,246.00067,0.4702,0.13908,0.1117,0.07623,0.25161,0.00067,0.01,8
67.12732,39.76365,0.34601,130.33189,0,3.89776000000001,-4.46791,0.07365,0,0,12,246.00067,0.4702,0.13908,0.1117,0.07623,0.25161,0.00067,0.01,9
71.02508,35.29574,0.41966,130.33189,0,3.4512,-3.9743,0.08141,0,0,12,246.00067,0.4702,0.13908,0.1117,0.07623,0.25161,0.00067,0.01,10
74.47628,31.32144,0.50107,130.33189,0,3.05387999999999,-3.53633,0.0894,0,0,12,246.00067,0.4702,0.13908,0.1117,0.07623,0.25161,0.00067,0.01,11
77.53016,27.78511,0.59047,130.33189,0,2.70021,-3.14778,0.0976399999999999,0,0,12,246.00067,0.4702,0.13908,0.1117,0.07623,0.25161,0.00067,0.01,12
80.23037,24.63733,0.68811,130.33189,0,2.38528000000001,-2.80313,0.10614,0,0,12,246.00067,0.4702,0.13908,0.1117,0.07623,0.25161,0.00067,0.01,13
82.61565,21.8342,0.79425,130.33189,0,2.10472,-2.49739,0.11485,0,0,12,246.00067,0.4702,0.13908,0.1117,0.07623,0.25161,0.00067,0.01,14
84.72037,19.33681,0.9091,130.33189,0,1.85464,-2.22619,0.12374,0,0,12,246.00067,0.4702,0.13908,0.1117,0.07623,0.25161,0.00067,0.01,15
86.57501,17.11062,1.03284,130.33189,0,1.63158999999999,-1.98558,0.13272,0,0,12,246.00067,0.4702,0.13908,0.1117,0.07623,0.25161,0.00067,0.01,16
88.2066,15.12504,1.16556,130.33189,0,1.43257,-1.77203,0.14171,0,0,12,246.00067,0.4702,0.13908,0.1117,0.07623,0.25161,0.00067,0.01,17
89.63917,13.35301,1.30727,130.33189,0,1.25484,-1.58235,0.15051,0,0,12,246.00067,0.4702,0.13908,0.1117,0.07623,0.25161,0.00067,0.01,18
90.89401,11.77066,1.45778,130.33189,0,1.09610000000001,-1.41372,0.15898,0,0,12,246.00067,0.4702,0.13908,0.1117,0.07623,0.25161,0.00067,0.01,19
91.99011,10.35694,1.61676,130.33189,0,0.954210000000003,-1.26352,0.16684,0,0,12,246.00067,0.4702,0.13908,0.1117,0.07623,0.25161,0.00067,0.01,20
92.94432,9.09342,1.7836,130.33189,0,0.827419999999989,-1.12944,0.17383,0,0,12,246.00067,0.4702,0.13908,0.1117,0.07623,0.25161,0.00067,0.01,21
93.77174,7.96398,1.95743,130.33189,0,0.714110000000005,-1.00939,0.17967,0,0,12,246.00067,0.4702,0.13908,0.1117,0.07623,0.25161,0.00067,0.01,22
94.48585,6.95459,2.1371,130.33189,0,0.612930000000006,-0.901479999999999,0.18405,0,0,12,246.00067,0.4702,0.13908,0.1117,0.07623,0.25161,0.00067,0.01,23
95.09878,6.05311,2.32115,130.33189,0,0.5227,-0.80406,0.18668,0,0,12,246.00067,0.4702,0.13908,0.1117,0.07623,0.25161,0.00067,0.01,24
95.62148,5.24905,2.50783,130.33189,0,0.442409999999995,-0.715710000000001,0.18736,0,0,12,246.00067,0.4702,0.13908,0.1117,0.07623,0.25161,0.00067,0.01,25
96.06389,4.53334,2.69519,130.33189,0,0.37115,-0.63525,0.18601,0,0,12,246.00067,0.4702,0.13908,0.1117,0.07623,0.25161,0.00067,0.01,26
96.43504,3.89809,2.8812,130.33189,0,0.308160000000001,-0.56173,0.18259,0,0,12,246.00067,0.4702,0.13908,0.1117,0.07623,0.25161,0.00067,0.01,27
96.7432,3.33636,3.06379,130.33189,0,0.252719999999997,-0.49444,0.1773,0,0,12,246.00067,0.4702,0.13908,0.1117,0.07623,0.25161,0.00067,0.01,28
96.99592,2.84192,3.24109,130.33189,0,0.204189999999997,-0.43288,0.17039,0,0,12,246.00067,0.4702,0.13908,0.1117,0.07623,0.25161,0.00067,0.01,29
97.20011,2.40904,3.41148,130.33189,0,0.16198,-0.37674,0.16224,0,0,12,246.00067,0.4702,0.13908,0.1117,0.07623,0.25161,0.00067,0.01,30
97.36209,2.0323,3.57372,130.33189,0,0.125470000000007,-0.32578,0.15328,0,0,12,246.00067,0.4702,0.13908,0.1117,0.07623,0.25161,0.00067,0.01,31
97.48756,1.70652,3.727,130.33189,0,0.0941299999999927,-0.27986,0.14395,0,0,12,246.00067,0.4702,0.13908,0.1117,0.07623,0.25161,0.00067,0.01,32
97.58169,1.42666,3.87095,130.33189,0,0.0673900000000032,-0.23883,0.13463,0,0,12,246.00067,0.4702,0.13908,0.1117,0.07623,0.25161,0.00067,0.01,33
97.64908,1.18783,4.00558,130.33189,0,0.0447199999999981,-0.20253,0.12566,0,0,12,246.00067,0.4702,0.13908,0.1117,0.07623,0.25161,0.00067,0.01,34
97.6938,0.9853,4.13124,130.33189,0,0.0256200000000035,-0.17071,0.11726,0,0,12,246.00067,0.4702,0.13908,0.1117,0.07623,0.25161,0.00067,0.01,35
97.71942,0.81459,4.2485,130.33189,0,0.00961999999999819,-0.1431,0.10959,0,0,12,246.00067,0.4702,0.13908,0.1117,0.07623,0.25161,0.00067,0.01,36
97.72904,0.67149,4.35809,130.33189,0,-0.00372000000000128,-0.11936,0.10276,0,0,12,246.00067,0.4702,0.13908,0.1117,0.07623,0.25161,0.00067,0.01,37
97.72532,0.55213,4.46085,130.33189,0,-0.0147899999999908,-0.09913,0.09673,0,0,12,246.00067,0.4702,0.13908,0.1117,0.07623,0.25161,0.00067,0.01,38
97.71053,0.453,4.55758,130.33189,0,-0.0239400000000103,-0.08202,0.09152,0,0,12,246.00067,0.4702,0.13908,0.1117,0.07623,0.25161,0.00067,0.01,39
97.68659,0.37098,4.6491,130.33189,0,-0.031480000000002,-0.06763,0.0870500000000005,0,0,12,246.00067,0.4702,0.13908,0.1117,0.07623,0.25161,0.00067,0.01,40
97.65511,0.30335,4.73615,130.33189,0,-0.0376799999999946,-0.05562,0.0832699999999997,0,0,12,246.00067,0.4702,0.13908,0.1117,0.07623,0.25161,0.00067,0.01,41
97.61743,0.24773,4.81942,130.33189,0,-0.0427399999999949,-0.04563,0.0800799999999997,0,0,12,246.00067,0.4702,0.13908,0.1117,0.07623,0.25161,0.00067,0.01,42
97.57469,0.2021,4.8995,130.33189,0,-0.0468900000000048,-0.03737,0.0774100000000004,0,0,12,246.00067,0.4702,0.13908,0.1117,0.07623,0.25161,0.00067,0.01,43
97.5278,0.16473,4.97691,130.33189,0,-0.0502800000000008,-0.03056,0.0751799999999996,0,0,12,246.00067,0.4702,0.13908,0.1117,0.07623,0.25161,0.00067,0.01,44
97.47752,0.13417,5.05209,130.33189,0,-0.0530200000000036,-0.02495,0.0733500000000005,0,0,12,246.00067,0.4702,0.13908,0.1117,0.07623,0.25161,0.00067,0.01,45
97.4245,0.10922,5.12544,130.33189,0,-0.055269999999993,-0.02035,0.0718100000000002,0,0,12,246.00067,0.4702,0.13908,0.1117,0.07623,0.25161,0.00067,0.01,46
97.36923,0.08887,5.19725,130.33189,0,-0.0570799999999991,-0.01659,0.0705499999999999,0,0,12,246.00067,0.4702,0.13908,0.1117,0.07623,0.25161,0.00067,0.01,47
97.31215,0.07228,5.2678,130.33189,0,-0.0585499999999968,-0.01351,0.0695100000000002,0,0,12,246.00067,0.4702,0.13908,0.1117,0.07623,0.25161,0.00067,0.01,48
97.2536,0.05877,5.33731,130.33189,0,-0.059740000000005,-0.011,0.0686399999999994,0,0,12,246.00067,0.4702,0.13908,0.1117,0.07623,0.25161,0.00067,0.01,49
97.19386,0.04777,5.40595,130.33189,0,-0.0606999999999971,-0.00894,0.0679400000000001,0,0,12,246.00067,0.4702,0.13908,0.1117,0.07623,0.25161,0.00067,0.01,50
97.13316,0.03883,5.47389,130.33189,0,-0.0614699999999999,-0.00728,0.0673500000000002,0,0,12,246.00067,0.4702,0.13908,0.1117,0.07623,0.25161,0.00067,0.01,51
97.07169,0.03155,5.54124,130.33189,0,-0.0620899999999978,-0.00591,0.0668600000000001,0,0,12,246.00067,0.4702,0.13908,0.1117,0.07623,0.25161,0.00067,0.01,52
97.0096,0.02564,5.6081,130.33189,0,-0.0625900000000001,-0.00481,0.0664499999999997,0,0,12,246.00067,0.4702,0.13908,0.1117,0.07623,0.25161,0.00067,0.01,53
96.94701,0.02083,5.67455,130.33189,0,-0.0629800000000103,-0.00391,0.0661199999999997,0,0,12,246.00067,0.4702,0.13908,0.1117,0.07623,0.25161,0.00067,0.01,54
96.88403,0.01692,5.74067,130.33189,0,-0.0632999999999981,-0.00318,0.0658300000000001,0,0,12,246.00067,0.4702,0.13908,0.1117,0.07623,0.25161,0.00067,0.01,55
96.82073,0.01374,5.8065,130.33189,0,-0.0635400000000033,-0.00258,0.0655900000000003,0,0,12,246.00067,0.4702,0.13908,0.1117,0.07623,0.25161,0.00067,0.01,56
96.75719,0.01116,5.87209,130.33189,0,-0.0637299999999925,-0.00209,0.0653899999999998,0,0,12,246.00067,0.4702,0.13908,0.1117,0.07623,0.25161,0.00067,0.01,57
96.69346,0.00907,5.93748,130.33189,0,-0.0638799999999975,-0.00171,0.0652300000000006,0,0,12,246.00067,0.4702,0.13908,0.1117,0.07623,0.25161,0.00067,0.01,58
96.62958,0.00736,6.00271,130.33189,0,-0.063990000000004,-0.00138,0.0650699999999995,0,0,12,246.00067,0.4702,0.13908,0.1117,0.07623,0.25161,0.00067,0.01,59
96.56559,0.00598,6.06778,130.33189,0,-0.0640800000000041,-0.00112,0.06494,0,0,12,246.00067,0.4702,0.13908,0.1117,0.07623,0.25161,0.00067,0.01,60
96.50151,0.00486,6.13272,130.33189,0,-0.0641299999999916,-0.00092,0.0648299999999997,0,0,12,246.00067,0.4702,0.13908,0.1117,0.07623,0.25161,0.00067,0.01,61
96.43738,0.00394,6.19755,130.33189,0,-0.0641700000000043,-0.00074,0.06473,0,0,12,246.00067,0.4702,0.13908,0.1117,0.07623,0.25161,0.00067,0.01,62
96.37321,0.0032,6.26228,130.33189,0,-0.0641999999999996,-6e-04,0.0646500000000003,0,0,12,246.00067,0.4702,0.13908,0.1117,0.07623,0.25161,0.00067,0.01,63
96.30901,0.0026,6.32693,130.33189,0,-0.0642100000000028,-0.00049,0.0645600000000002,0,0,12,246.00067,0.4702,0.13908,0.1117,0.07623,0.25161,0.00067,0.01,64
96.2448,0.00211,6.39149,130.33189,0,-0.0642100000000028,-0.00039,0.0644900000000002,0,0,12,246.00067,0.4702,0.13908,0.1117,0.07623,0.25161,0.00067,0.01,65
96.18059,0.00172,6.45598,130.33189,0,-0.0641999999999996,-0.00033,0.0644200000000001,0,0,12,246.00067,0.4702,0.13908,0.1117,0.07623,0.25161,0.00067,0.01,66
96.11639,0.00139,6.5204,130.33189,0,-0.0641899999999964,-0.00026,0.0643599999999998,0,0,12,246.00067,0.4702,0.13908,0.1117,0.07623,0.25161,0.00067,0.01,67
96.0522,0.00113,6.58476,130.33189,0,-0.0641700000000043,-0.00021,0.0643000000000002,0,0,12,246.00067,0.4702,0.13908,0.1117,0.07623,0.25161,0.00067,0.01,68
95.98803,0.00092,6.64906,130.33189,0,-0.0641499999999979,-0.00017,0.0642499999999995,0,0,12,246.00067,0.4702,0.13908,0.1117,0.07623,0.25161,0.00067,0.01,69
95.92388,0.00075,6.71331,130.33189,0,-0.0641200000000026,-0.00014,0.06419,0,0,12,246.00067,0.4702,0.13908,0.1117,0.07623,0.25161,0.00067,0.01,70
95.85976,0.00061,6.7775,130.33189,0,-0.0640899999999931,-0.00012,0.0641400000000001,0,0,12,246.00067,0.4702,0.13908,0.1117,0.07623,0.25161,0.00067,0.01,71
95.79567,0.00049,6.84164,130.33189,0,-0.0640599999999978,-9e-05,0.0640900000000002,0,0,12,246.00067,0.4702,0.13908,0.1117,0.07623,0.25161,0.00067,0.01,72
95.73161,4e-04,6.90573,130.33189,0,-0.0640199999999993,-8e-05,0.0640399999999994,0,0,12,246.00067,0.4702,0.13908,0.1117,0.07623,0.25161,0.00067,0.01,73
95.66759,0.00032,6.96977,130.33189,0,-0.063990000000004,-6e-05,0.0639900000000004,0,0,12,246.00067,0.4702,0.13908,0.1117,0.07623,0.25161,0.00067,0.01,74
95.6036,0.00026,7.03376,130.33189,0,-0.0639500000000055,-5e-05,0.0639500000000002,0,0,12,246.00067,0.4702,0.13908,0.1117,0.07623,0.25161,0.00067,0.01,75
95.53965,0.00021,7.09771,130.33189,0,-0.0639099999999928,-4e-05,0.0638999999999994,0,0,12,246.00067,0.4702,0.13908,0.1117,0.07623,0.25161,0.00067,0.01,76
95.47574,0.00017,7.16161,130.33189,0,-0.0638700000000085,-3e-05,0.0638500000000004,0,0,12,246.00067,0.4702,0.13908,0.1117,0.07623,0.25161,0.00067,0.01,77
95.41187,0.00014,7.22546,130.33189,0,-0.0638299999999958,-3e-05,0.0638100000000001,0,0,12,246.00067,0.4702,0.13908,0.1117,0.07623,0.25161,0.00067,0.01,78
95.34804,0.00011,7.28927,130.33189,0,-0.0637899999999973,-2e-05,0.0637699999999999,0,0,12,246.00067,0.4702,0.13908,0.1117,0.07623,0.25161,0.00067,0.01,79
95.28425,9e-05,7.35304,130.33189,0,-0.0637499999999989,-1e-05,0.06372,0,0,12,246.00067,0.4702,0.13908,0.1117,0.07623,0.25161,0.00067,0.01,80
95.2205,8e-05,7.41676,130.33189,0,-0.0637100000000004,-2e-05,0.0636799999999997,0,0,12,246.00067,0.4702,0.13908,0.1117,0.07623,0.25161,0.00067,0.01,81
95.15679,6e-05,7.48044,130.33189,0,-0.0636700000000019,-1e-05,0.0636400000000004,0,0,12,246.00067,0.4702,0.13908,0.1117,0.07623,0.25161,0.00067,0.01,82
95.09312,5e-05,7.54408,130.33189,0,-0.0636300000000034,-1e-05,0.0635899999999996,0,0,12,246.00067,0.4702,0.13908,0.1117,0.07623,0.25161,0.00067,0.01,83
95.02949,4e-05,7.60767,130.33189,0,-0.0635800000000017,-1e-05,0.0635500000000002,0,0,12,246.00067,0.4702,0.13908,0.1117,0.07623,0.25161,0.00067,0.01,84
94.96591,3e-05,7.67122,130.33189,0,-0.0635499999999922,0,0.0635000000000003,0,0,12,246.00067,0.4702,0.13908,0.1117,0.07623,0.25161,0.00067,0.01,85
94.90236,3e-05,7.73472,130.33189,0,-0.0635000000000048,-1e-05,0.0634699999999997,0,0,12,246.00067,0.4702,0.13908,0.1117,0.07623,0.25161,0.00067,0.01,86
94.83886,2e-05,7.79819,130.33189,0,-0.0634599999999921,0,0.0634199999999998,0,0,12,246.00067,0.4702,0.13908,0.1117,0.07623,0.25161,0.00067,0.01,87
94.7754,2e-05,7.86161,130.33189,0,-0.0634100000000046,-1e-05,0.0633699999999999,0,0,12,246.00067,0.4702,0.13908,0.1117,0.07623,0.25161,0.00067,0.01,88
94.71199,1e-05,7.92498,130.33189,0,-0.0633799999999951,0,0.0633400000000002,0,0,12,246.00067,0.4702,0.13908,0.1117,0.07623,0.25161,0.00067,0.01,89
94.64861,1e-05,7.98832,130.33189,0,-0.0633300000000077,0,0.0632900000000003,0,0,12,246.00067,0.4702,0.13908,0.1117,0.07623,0.25161,0.00067,0.01,90
94.58528,1e-05,8.05161,130.33189,0,-0.063289999999995,0,0.06325,0,0,12,246.00067,0.4702,0.13908,0.1117,0.07623,0.25161,0.00067,0.01,91
94.52199,1e-05,8.11486,130.33189,0,-0.0632499999999965,0,0.0632099999999998,0,0,12,246.00067,0.4702,0.13908,0.1117,0.07623,0.25161,0.00067,0.01,92
94.45874,1e-05,8.17807,130.33189,0,-0.0632100000000122,0,0.0631599999999999,0,0,12,246.00067,0.4702,0.13908,0.1117,0.07623,0.25161,0.00067,0.01,93
94.39553,1e-05,8.24123,130.33189,0,-0.0631599999999963,-1e-05,0.063130000000001,0,0,12,246.00067,0.4702,0.13908,0.1117,0.07623,0.25161,0.00067,0.01,94
94.33237,0,8.30436,130.33189,0,-0.0631199999999978,0,0.0630799999999994,0,0,12,246.00067,0.4702,0.13908,0.1117,0.07623,0.25161,0.00067,0.01,95
94.26925,0,8.36744,130.33189,0,-0.0630799999999994,0,0.0630299999999995,0,0,12,246.00067,0.4702,0.13908,0.1117,0.07623,0.25161,0.00067,0.01,96
94.20617,0,8.43047,130.33189,0,-0.0630400000000009,0,0.0630000000000006,0,0,12,246.00067,0.4702,0.13908,0.1117,0.07623,0.25161,0.00067,0.01,97
94.14313,0,8.49347,130.33189,0,-0.0630000000000024,0,0.062949999999999,0,0,12,246.00067,0.4702,0.13908,0.1117,0.07623,0.25161,0.00067,0.01,98
94.08013,0,8.55642,130.33189,0,-0.0629500000000007,0,0.0629200000000001,0,0,12,246.00067,0.4702,0.13908,0.1117,0.07623,0.25161,0.00067,0.01,99
94.01718,0,8.61934,130.33189,0,-0.0629100000000022,0,0.0628600000000006,0,0,12,246.00067,0.4702,0.13908,0.1117,0.07623,0.25161,0.00067,0.01,100
93.95427,0,8.6822,130.33189,0,-0.0628699999999895,0,0.0628299999999999,0,0,12,246.00067,0.4702,0.13908,0.1117,0.07623,0.25161,0.00067,0.01,101
93.8914,0,8.74503,130.33189,0,-0.0628300000000053,0,0.0627899999999997,0,0,12,246.00067,0.4702,0.13908,0.1117,0.07623,0.25161,0.00067,0.01,102
93.82857,0,8.80782,130.33189,0,-0.0627800000000036,0,0.0627399999999998,0,0,12,246.00067,0.4702,0.13908,0.1117,0.07623,0.25161,0.00067,0.01,103
93.76579,0,8.87056,130.33189,0,-0.0627499999999941,0,0.0627000000000013,0,0,12,246.00067,0.4702,0.13908,0.1117,0.07623,0.25161,0.00067,0.01,104
93.70304,0,8.93326,130.33189,0,-0.0627000000000066,0,0.0626599999999993,0,0,12,246.00067,0.4702,0.13908,0.1117,0.07623,0.25161,0.00067,0.01,105
93.64034,0,8.99592,130.33189,0,-0.0626599999999939,0,0.0626200000000008,0,0,12,246.00067,0.4702,0.13908,0.1117,0.07623,0.25161,0.00067,0.01,106
93.57768,0,9.05854,130.33189,0,-0.0626199999999955,0,0.0625699999999991,0,0,12,246.00067,0.4702,0.13908,0.1117,0.07623,0.25161,0.00067,0.01,107
93.51506,0,9.12111,130.33189,0,-0.062570000000008,0,0.0625400000000003,0,0,12,246.00067,0.4702,0.13908,0.1117,0.07623,0.25161,0.00067,0.01,108
93.45249,0,9.18365,130.33189,0,-0.0625299999999953,0,0.0624900000000004,0,0,12,246.00067,0.4702,0.13908,0.1117,0.07623,0.25161,0.00067,0.01,109
93.38996,0,9.24614,130.33189,0,-0.0625,0,0.0624500000000001,0,0,12,246.00067,0.4702,0.13908,0.1117,0.07623,0.25161,0.00067,0.01,110
93.32746,0,9.30859,130.33189,0,-0.0624499999999983,0,0.0624099999999999,0,0,12,246.00067,0.4702,0.13908,0.1117,0.07623,0.25161,0.00067,0.01,111
93.26501,0,9.371,130.33189,0,-0.0623999999999967,0,0.06236,0,0,12,246.00067,0.4702,0.13908,0.1117,0.07623,0.25161,0.00067,0.01,112
93.20261,0,9.43336,130.33189,0,-0.0623700000000014,0,0.0623299999999993,0,0,12,246.00067,0.4702,0.13908,0.1117,0.07623,0.25161,0.00067,0.01,113
93.14024,0,9.49569,130.33189,0,-0.0623300000000029,0,0.0622799999999994,0,0,12,246.00067,0.4702,0.13908,0.1117,0.07623,0.25161,0.00067,0.01,114
93.07791,0,9.55797,130.33189,0,-0.0622800000000012,0,0.062240000000001,0,0,12,246.00067,0.4702,0.13908,0.1117,0.07623,0.25161,0.00067,0.01,115
93.01563,0,9.62021,130.33189,0,-0.0622400000000027,0,0.0622000000000007,0,0,12,246.00067,0.4702,0.13908,0.1117,0.07623,0.25161,0.00067,0.01,116
92.95339,0,9.68241,130.33189,0,-0.0622000000000043,0,0.0621599999999987,0,0,12,246.00067,0.4702,0.13908,0.1117,0.07623,0.25161,0.00067,0.01,117
92.89119,0,9.74457,130.33189,0,-0.0621599999999916,0,0.0621200000000002,0,0,12,246.00067,0.4702,0.13908,0.1117,0.07623,0.25161,0.00067,0.01,118
92.82903,0,9.80669,130.33189,0,-0.0621100000000041,0,0.0620700000000003,0,0,12,246.00067,0.4702,0.13908,0.1117,0.07623,0.25161,0.00067,0.01,119
92.76692,0,9.86876,130.33189,0,-0.0620799999999946,0,0.0620399999999997,0,0,12,246.00067,0.4702,0.13908,0.1117,0.07623,0.25161,0.00067,0.01,120
92.70484,0,9.9308,130.33189,0,-0.0620300000000071,0,0.0619899999999998,0,0,12,246.00067,0.4702,0.13908,0.1117,0.07623,0.25161,0.00067,0.01,121
92.64281,0,9.99279,130.33189,0,-0.0619899999999944,0,0.0619500000000013,0,0,12,246.00067,0.4702,0.13908,0.1117,0.07623,0.25161,0.00067,0.01,122
92.58082,0,10.05474,130.33189,0,-0.061949999999996,0,0.0619099999999992,0,0,12,246.00067,0.4702,0.13908,0.1117,0.07623,0.25161,0.00067,0.01,123
92.51887,0,10.11665,130.33189,0,-0.0619100000000117,0,0.0618599999999994,0,0,12,246.00067,0.4702,0.13908,0.1117,0.07623,0.25161,0.00067,0.01,124
92.45696,0,10.17851,130.33189,0,-0.061869999999999,0,0.0618300000000005,0,0,12,246.00067,0.4702,0.13908,0.1117,0.07623,0.25161,0.00067,0.01,125
92.39509,0,10.24034,130.33189,0,-0.0618300000000005,0,0.0617900000000002,0,0,12,246.00067,0.4702,0.13908,0.1117,0.07623,0.25161,0.00067,0.01,126
92.33326,0,10.30213,130.33189,0,-0.0617799999999988,0,0.0617400000000004,0,0,12,246.00067,0.4702,0.13908,0.1117,0.07623,0.25161,0.00067,0.01,127
92.27148,0,10.36387,130.33189,0,-0.0617400000000004,0,0.0617000000000001,0,0,12,246.00067,0.4702,0.13908,0.1117,0.07623,0.25161,0.00067,0.01,128
92.20974,0,10.42557,130.33189,0,-0.0617099999999908,0,0.0616599999999998,0,0,12,246.00067,0.4702,0.13908,0.1117,0.07623,0.25161,0.00067,0.01,129
92.14803,0,10.48723,130.33189,0,-0.0616600000000034,0,0.0616199999999996,0,0,12,246.00067,0.4702,0.13908,0.1117,0.07623,0.25161,0.00067,0.01,130
92.08637,0,10.54885,130.33189,0,-0.0616200000000049,0,0.0615799999999993,0,0,12,246.00067,0.4702,0.13908,0.1117,0.07623,0.25161,0.00067,0.01,131
92.02475,0,10.61043,130.33189,0,-0.0615799999999922,0,0.0615400000000008,0,0,12,246.00067,0.4702,0.13908,0.1117,0.07623,0.25161,0.00067,0.01,132
91.96317,0,10.67197,130.33189,0,-0.0615300000000047,0,0.0614899999999992,0,0,12,246.00067,0.4702,0.13908,0.1117,0.07623,0.25161,0.00067,0.01,133
91.90164,0,10.73346,130.33189,0,-0.0614999999999952,0,0.0614600000000003,0,0,12,246.00067,0.4702,0.13908,0.1117,0.07623,0.25161,0.00067,0.01,134
91.84014,0,10.79492,130.33189,0,-0.0614500000000078,0,0.0614100000000004,0,0,12,246.00067,0.4702,0.13908,0.1117,0.07623,0.25161,0.00067,0.01,135
91.77869,0,10.85633,130.33189,0,-0.0614199999999983,0,0.0613700000000001,0,0,12,246.00067,0.4702,0.13908,0.1117,0.07623,0.25161,0.00067,0.01,136
91.71727,0,10.9177,130.33189,0,-0.0613699999999966,0,0.0613299999999999,0,0,12,246.00067,0.4702,0.13908,0.1117,0.07623,0.25161,0.00067,0.01,137
91.6559,0,10.97903,130.33189,0,-0.0613299999999981,0,0.0612899999999996,0,0,12,246.00067,0.4702,0.13908,0.1117,0.07623,0.25161,0.00067,0.01,138
91.59457,0,11.04032,130.33189,0,-0.0612899999999996,0,0.0612500000000011,0,0,12,246.00067,0.4702,0.13908,0.1117,0.07623,0.25161,0.00067,0.01,139
91.53328,0,11.10157,130.33189,0,-0.0612500000000011,0,0.0612099999999991,0,0,12,246.00067,0.4702,0.13908,0.1117,0.07623,0.25161,0.00067,0.01,140
91.47203,0,11.16278,130.33189,0,-0.0612100000000027,0,0.0611700000000006,0,0,12,246.00067,0.4702,0.13908,0.1117,0.07623,0.25161,0.00067,0.01,141
91.41082,0,11.22395,130.33189,0,-0.0611700000000042,0,0.0611300000000004,0,0,12,246.00067,0.4702,0.13908,0.1117,0.07623,0.25161,0.00067,0.01,142
91.34965,0,11.28508,130.33189,0,-0.0611200000000025,0,0.0610799999999987,0,0,12,246.00067,0.4702,0.13908,0.1117,0.07623,0.25161,0.00067,0.01,143
91.28853,0,11.34616,130.33189,0,-0.061089999999993,0,0.0610499999999998,0,0,12,246.00067,0.4702,0.13908,0.1117,0.07623,0.25161,0.00067,0.01,144
91.22744,0,11.40721,130.33189,0,-0.0610400000000055,0,0.0609999999999999,0,0,12,246.00067,0.4702,0.13908,0.1117,0.07623,0.25161,0.00067,0.01,145
91.1664,0,11.46821,130.33189,0,-0.061009999999996,0,0.0609600000000015,0,0,12,246.00067,0.4702,0.13908,0.1117,0.07623,0.25161,0.00067,0.01,146
91.10539,0,11.52917,130.33189,0,-0.0609599999999944,0,0.060929999999999,0,0,12,246.00067,0.4702,0.13908,0.1117,0.07623,0.25161,0.00067,0.01,147
91.04443,0,11.5901,130.33189,0,-0.0609200000000101,0,0.0608800000000009,0,0,12,246.00067,0.4702,0.13908,0.1117,0.07623,0.25161,0.00067,0.01,148
90.98351,0,11.65098,130.33189,0,-0.0608799999999974,0,0.0608399999999989,0,0,12,246.00067,0.4702,0.13908,0.1117,0.07623,0.25161,0.00067,0.01,149
90.92263,0,11.71182,130.33189,0,-0.0608399999999989,0,0.0608000000000004,0,0,12,246.00067,0.4702,0.13908,0.1117,0.07623,0.25161,0.00067,0.01,150
90.86179,0,11.77262,130.33189,0,-0.0608000000000004,0,0.0607600000000001,0,0,12,246.00067,0.4702,0.13908,0.1117,0.07623,0.25161,0.00067,0.01,151
90.80099,0,11.83338,130.33189,0,-0.0607600000000019,0,0.0607199999999999,0,0,12,246.00067,0.4702,0.13908,0.1117,0.07623,0.25161,0.00067,0.01,152
90.74023,0,11.8941,130.33189,0,-0.0607200000000034,0,0.06067,0,0,12,246.00067,0.4702,0.13908,0.1117,0.07623,0.25161,0.00067,0.01,153
90.67951,0,11.95477,130.33189,0,-0.0606799999999907,0,0.0606399999999994,-2.38307999999999,2.37934,12,246.00067,0.4702,0.13908,0.1117,0.07623,0.25161,0.00067,0.01,154
90.61883,0,12.01541,127.94881,2.37934,-0.173119999999997,0,0.172980000000001,-2.41061999999999,2.4066,12,246.00067,0.4702,0.13908,0.1117,0.07623,0.25161,0.00067,0.01,155
90.44571,0,12.18839,125.53819,4.78594,-0.174400000000006,0,0.17426,-2.43792000000001,2.4336,12,246.00067,0.4702,0.13908,0.1117,0.07623,0.25161,0.00067,0.01,156
90.27131,0,12.36265,123.10027,7.21954,-0.175690000000003,0,0.17554,-2.46495999999999,2.46031,12,246.00067,0.4702,0.13908,0.1117,0.07623,0.25161,0.00067,0.01,157
90.09562,0,12.53819,120.63531,9.67985,-0.17698,0,0.17684,-2.49171,2.48671,12,246.00067,0.4702,0.13908,0.1117,0.07623,0.25161,0.00067,0.01,158
89.91864,0,12.71503,118.1436,12.16656,-0.178280000000001,0,0.178129999999999,-2.51811000000001,2.51273,12,246.00067,0.4702,0.13908,0.1117,0.07623,0.25161,0.00067,0.01,159
89.74036,0,12.89316,115.62549,14.67929,-0.179580000000001,0,0.17942,-2.54415,2.53834,12,246.00067,0.4702,0.13908,0.1117,0.07623,0.25161,0.00067,0.01,160
89.56078,0,13.07258,113.08134,17.21763,-0.180869999999999,0,0.180730000000001,-2.56975,2.5635,12,246.00067,0.4702,0.13908,0.1117,0.07623,0.25161,0.00067,0.01,161
89.37991,0,13.25331,110.51159,19.78113,-0.182179999999988,0,0.18202,-2.5949,2.58815,12,246.00067,0.4702,0.13908,0.1117,0.07623,0.25161,0.00067,0.01,162
89.19773,0,13.43533,107.91669,22.36928,-0.183490000000006,0,0.18333,-2.6195,2.61223,12,246.00067,0.4702,0.13908,0.1117,0.07623,0.25161,0.00067,0.01,163
89.01424,0,13.61866,105.29719,24.98151,-0.184790000000007,0,0.18464,-2.64354,2.63567,12,246.00067,0.4702,0.13908,0.1117,0.07623,0.25161,0.00067,0.01,164
88.82945,0,13.8033,102.65365,27.61718,-0.186109999999999,0,0.18595,-2.66692,2.65841,12,246.00067,0.4702,0.13908,0.1117,0.07623,0.25161,0.00067,0.01,165
88.64334,0,13.98925,99.98673,30.27559,-0.187419999999989,0,0.187250000000001,-2.68956999999999,2.68038,12,246.00067,0.4702,0.13908,0.1117,0.07623,0.25161,0.00067,0.01,166
88.45592,0,14.1765,97.29716,32.95597,-0.188730000000007,0,0.188569999999999,-2.71145,2.70148,12,246.00067,0.4702,0.13908,0.1117,0.07623,0.25161,0.00067,0.01,167
88.26719,0,14.36507,94.58571,35.65745,-0.190049999999999,0,0.18989,-2.73243000000001,2.72163,12,246.00067,0.4702,0.13908,0.1117,0.07623,0.25161,0.00067,0.01,168
88.07714,0,14.55496,91.85328,38.37908,-0.191370000000006,0,0.1912,-2.75243999999999,2.74073,12,246.00067,0.4702,0.13908,0.1117,0.07623,0.25161,0.00067,0.01,169
87.88577,0,14.74616,89.10084,41.11981,-0.192689999999999,0,0.19252,-2.77137,2.75865,12,246.00067,0.4702,0.13908,0.1117,0.07623,0.25161,0.00067,0.01,170
87.69308,0,14.93868,86.32947,43.87846,-0.194009999999992,0,0.19383,-2.78910999999999,2.7753,12,246.00067,0.4702,0.13908,0.1117,0.07623,0.25161,0.00067,0.01,171
87.49907,0,15.13251,83.54036,46.65376,-0.195340000000002,0,0.19516,-2.80553,2.7905,12,246.00067,0.4702,0.13908,0.1117,0.07623,0.25161,0.00067,0.01,172
87.30373,0,15.32767,80.73483,49.44426,-0.196660000000008,0,0.196480000000001,-2.82051,2.80413,12,246.00067,0.4702,0.13908,0.1117,0.07623,0.25161,0.00067,0.01,173
87.10707,0,15.52415,77.91432,52.24839,-0.197979999999987,0,0.197809999999999,-2.83386,2.81602,12,246.00067,0.4702,0.13908,0.1117,0.07623,0.25161,0.00067,0.01,174
86.90909,0,15.72196,75.08046,55.06441,-0.199310000000011,0,0.19913,-2.84544,2.82595999999999,12,246.00067,0.4702,0.13908,0.1117,0.07623,0.25161,0.00067,0.01,175
86.70978,0,15.92109,72.23502,57.89037,-0.200639999999993,0,0.20045,-2.85506000000001,2.83378,12,246.00067,0.4702,0.13908,0.1117,0.07623,0.25161,0.00067,0.01,176
86.50914,0,16.12154,69.37996,60.72415,-0.201970000000003,0,0.20177,-2.86248999999999,2.83922,12,246.00067,0.4702,0.13908,0.1117,0.07623,0.25161,0.00067,0.01,177
86.30717,0,16.32331,66.51747,63.56337,-0.203289999999996,0,0.203110000000002,-2.86752000000001,2.84204,12,246.00067,0.4702,0.13908,0.1117,0.07623,0.25161,0.00067,0.01,178
86.10388,0,16.52642,63.64995,66.40541,-0.204620000000006,0,0.204419999999999,-2.86987,2.84193999999999,12,246.00067,0.4702,0.13908,0.1117,0.07623,0.25161,0.00067,0.01,179
85.89926,0,16.73084,60.78008,69.24735,-0.205950000000001,0,0.205759999999998,-2.86928,2.83863000000001,12,246.00067,0.4702,0.13908,0.1117,0.07623,0.25161,0.00067,0.01,180
85.69331,0,16.9366,57.9108,72.08598,-0.207279999999997,0,0.207080000000001,-2.8654,2.83172999999999,12,246.00067,0.4702,0.13908,0.1117,0.07623,0.25161,0.00067,0.01,181
85.48603,0,17.14368,55.0454,74.91771,-0.208600000000004,0,0.208400000000001,-2.85791,2.82088,12,246.00067,0.4702,0.13908,0.1117,0.07623,0.25161,0.00067,0.01,182
85.27743,0,17.35208,52.18749,77.73859,-0.20993,0,0.20973,-2.84639,2.80564,12,246.00067,0.4702,0.13908,0.1117,0.07623,0.25161,0.00067,0.01,183
85.0675,0,17.56181,49.3411,80.54423,-0.211259999999996,0,0.21105,-2.83043,2.78554,12,246.00067,0.4702,0.13908,0.1117,0.07623,0.25161,0.00067,0.01,184
84.85624,0,17.77286,46.51067,83.32977,-0.212590000000006,0,0.21237,-2.80954,2.76006000000001,12,246.00067,0.4702,0.13908,0.1117,0.07623,0.25161,0.00067,0.01,185
84.64365,0,17.98523,43.70113,86.08983,-0.213909999999998,0,0.213699999999999,-2.78322,2.72864999999999,12,246.00067,0.4702,0.13908,0.1117,0.07623,0.25161,0.00067,0.01,186
84.42974,0,18.19893,40.91791,88.81848,-0.215229999999991,0,0.215019999999999,-2.75087,2.69069,12,246.00067,0.4702,0.13908,0.1117,0.07623,0.25161,0.00067,0.01,187
84.21451,0,18.41395,38.16704,91.50917,-0.216549999999998,0,0.216329999999999,-2.71194,2.64556,12,246.00067,0.4702,0.13908,0.1117,0.07623,0.25161,0.00067,0.01,188
83.99796,0,18.63028,35.4551,94.15473,-0.217880000000008,0,0.217660000000002,-2.66574,2.59258,12,246.00067,0.4702,0.13908,0.1117,0.07623,0.25161,0.00067,0.01,189
83.78008,0,18.84794,32.78936,96.74731,-0.219189999999998,0,0.218969999999999,-2.61162,2.53109000000001,12,246.00067,0.4702,0.13908,0.1117,0.07623,0.25161,0.00067,0.01,190
83.56089,0,19.06691,30.17774,99.2784,-0.220520000000008,0,0.220279999999999,-2.54893,2.46042,12,246.00067,0.4702,0.13908,0.1117,0.07623,0.25161,0.00067,0.01,191
83.34037,0,19.28719,27.62881,101.73882,-0.221819999999994,0,0.221600000000002,-2.47699,2.37997999999999,12,246.00067,0.4702,0.13908,0.1117,0.07623,0.25161,0.00067,0.01,192
83.11855,0,19.50879,25.15182,104.1188,-0.223140000000001,0,0.222899999999999,-2.39522,2.28929000000001,12,246.00067,0.4702,0.13908,0.1117,0.07623,0.25161,0.00067,0.01,193
82.89541,0,19.73169,22.7566,106.40809,-0.224450000000004,0,0.224209999999999,-2.30315,2.18804,12,246.00067,0.4702,0.13908,0.1117,0.07623,0.25161,0.00067,0.01,194
82.67096,0,19.9559,20.45345,108.59613,-0.225759999999994,0,0.225519999999999,-2.20049,2.07617999999999,12,246.00067,0.4702,0.13908,0.1117,0.07623,0.25161,0.00067,0.01,195
82.4452,0,20.18142,18.25296,110.67231,-0.227069999999998,0,0.22682,-2.08719,1.95402,12,246.00067,0.4702,0.13908,0.1117,0.07623,0.25161,0.00067,0.01,196
82.21813,0,20.40824,16.16577,112.62633,-0.228360000000009,0,0.228110000000001,-1.96361,1.82233000000001,12,246.00067,0.4702,0.13908,0.1117,0.07623,0.25161,0.00067,0.01,197
81.98977,0,20.63635,14.20216,114.44866,-0.229659999999996,0,0.229410000000001,-1.83054,1.68240999999999,12,246.00067,0.4702,0.13908,0.1117,0.07623,0.25161,0.00067,0.01,198
81.76011,0,20.86576,12.37162,116.13107,-0.230959999999996,0,0.230699999999999,-1.68929,1.53616000000001,12,246.00067,0.4702,0.13908,0.1117,0.07623,0.25161,0.00067,0.01,199
81.52915,0,21.09646,10.68233,117.66723,-0.232250000000008,0,0.23199,-1.5418,1.38602999999999,12,246.00067,0.4702,0.13908,0.1117,0.07623,0.25161,0.00067,0.01,200
81.2969,0,21.32845,9.14053,119.05326,-0.233539999999991,0,0.233280000000001,-1.39054,1.23493000000001,12,246.00067,0.4702,0.13908,0.1117,0.07623,0.25161,0.00067,0.01,201
81.06336,0,21.56173,7.74999,120.28819,-0.234809999999996,0,0.234549999999999,-1.23845,1.08607000000001,12,246.00067,0.4702,0.13908,0.1117,0.07623,0.25161,0.00067,0.01,202
80.82855,0,21.79628,6.51154,121.37426,-0.236100000000008,0,0.23582,-1.08876,0.942669999999993,12,246.00067,0.4702,0.13908,0.1117,0.07623,0.25161,0.00067,0.01,203
80.59245,0,22.0321,5.42278,122.31693,-0.237380000000002,0,0.237100000000002,-0.94465,0.807640000000006,12,246.00067,0.4702,0.13908,0.1117,0.07623,0.25161,0.00067,0.01,204
80.35507,0,22.2692,4.47813,123.12457,-0.238640000000004,0,0.23837,-0.80908,0.683389999999989,12,246.00067,0.4702,0.13908,0.1117,0.07623,0.25161,0.00067,0.01,205
80.11643,0,22.50757,3.66905,123.80796,-0.239899999999992,0,0.239619999999999,-0.6844,0.571550000000002,12,246.00067,0.4702,0.13908,0.1117,0.07623,0.25161,0.00067,0.01,206
79.87653,0,22.74719,2.98465,124.37951,-0.241169999999997,0,0.240880000000001,-0.57224,0.472940000000008,12,246.00067,0.4702,0.13908,0.1117,0.07623,0.25161,0.00067,0.01,207
79.63536,0,22.98807,2.41241,124.85245,-0.24242000000001,0,0.24213,-0.47341,0.38767,12,246.00067,0.4702,0.13908,0.1117,0.07623,0.25161,0.00067,0.01,208
79.39294,0,23.2302,1.939,125.24012,-0.243669999999995,0,0.243369999999999,-0.38798,0.315159999999992,12,246.00067,0.4702,0.13908,0.1117,0.07623,0.25161,0.00067,0.01,209
79.14927,0,23.47357,1.55102,125.55528,-0.244910000000004,0,0.244610000000002,-0.31536,0.254410000000007,12,246.00067,0.4702,0.13908,0.1117,0.07623,0.25161,0.00067,0.01,210
78.90436,0,23.71818,1.23566,125.80969,-0.24615,0,0.245850000000001,-0.25454,0.204179999999994,12,246.00067,0.4702,0.13908,0.1117,0.07623,0.25161,0.00067,0.01,211
78.65821,0,23.96403,0.98112,126.01387,-0.247379999999993,0,0.247069999999997,-0.20426,0.163049999999998,12,246.00067,0.4702,0.13908,0.1117,0.07623,0.25161,0.00067,0.01,212
78.41083,0,24.2111,0.77686,126.17692,-0.248609999999999,0,0.248290000000001,-0.1631,0.1297,12,246.00067,0.4702,0.13908,0.1117,0.07623,0.25161,0.00067,0.01,213
78.16222,0,24.45939,0.61376,126.30662,-0.24982,0,0.249500000000001,-0.12973,0.102830000000012,12,246.00067,0.4702,0.13908,0.1117,0.07623,0.25161,0.00067,0.01,214
77.9124,0,24.70889,0.48403,126.40945,-0.25103,0,0.250709999999998,-0.10286,0.0813299999999941,12,246.00067,0.4702,0.13908,0.1117,0.07623,0.25161,0.00067,0.01,215
77.66137,0,24.9596,0.38117,126.49078,-0.252230000000012,0,0.251910000000002,-0.08134,0.0641899999999964,12,246.00067,0.4702,0.13908,0.1117,0.07623,0.25161,0.00067,0.01,216
77.40914,0,25.21151,0.29983,126.55497,-0.253429999999994,0,0.2531,-0.06419,0.0505700000000076,12,246.00067,0.4702,0.13908,0.1117,0.07623,0.25161,0.00067,0.01,217
77.15571,0,25.46461,0.23564,126.60554,-0.254620000000003,0,0.254279999999998,-0.05058,0.0397999999999996,12,246.00067,0.4702,0.13908,0.1117,0.07623,0.25161,0.00067,0.01,218
76.90109,0,25.71889,0.18506,126.64534,-0.255809999999997,0,0.255460000000003,-0.03981,0.0312899999999985,12,246.00067,0.4702,0.13908,0.1117,0.07623,0.25161,0.00067,0.01,219
76.64528,0,25.97435,0.14525,126.67663,-0.256969999999995,0,0.256629999999998,-0.03129,0.0245800000000003,12,246.00067,0.4702,0.13908,0.1117,0.07623,0.25161,0.00067,0.01,220
76.38831,0,26.23098,0.11396,126.70121,-0.258139999999997,0,0.25778,-0.02458,0.0193000000000012,12,246.00067,0.4702,0.13908,0.1117,0.07623,0.25161,0.00067,0.01,221
76.13017,0,26.48876,0.08938,126.72051,-0.259290000000007,0,0.258939999999999,-0.0193,0.0151400000000024,12,246.00067,0.4702,0.13908,0.1117,0.07623,0.25161,0.00067,0.01,222
75.87088,0,26.7477,0.07008,126.73565,-0.260440000000003,0,0.260080000000002,-0.01514,0.0118799999999908,12,246.00067,0.4702,0.13908,0.1117,0.07623,0.25161,0.00067,0.01,223
75.61044,0,27.00778,0.05494,126.74753,-0.261579999999995,0,0.261209999999998,-0.01188,0.00930999999999926,12,246.00067,0.4702,0.13908,0.1117,0.07623,0.25161,0.00067,0.01,224
75.34886,0,27.26899,0.04306,126.75684,-0.262709999999998,0,0.262330000000002,-0.00931,0.00731000000000392,12,246.00067,0.4702,0.13908,0.1117,0.07623,0.25161,0.00067,0.01,225
75.08615,0,27.53132,0.03375,126.76415,-0.263829999999999,0,0.263449999999999,-0.0073,0.00571999999999662,12,246.00067,0.4702,0.13908,0.1117,0.07623,0.25161,0.00067,0.01,226
74.82232,0,27.79477,0.02645,126.76987,-0.26494000000001,0,0.264559999999999,-0.00573,0.0044900000000041,12,246.00067,0.4702,0.13908,0.1117,0.07623,0.25161,0.00067,0.01,227
74.55738,0,28.05933,0.02072,126.77436,-0.26603999999999,0,0.265650000000001,-0.00448,0.00350999999999146,12,246.00067,0.4702,0.13908,0.1117,0.07623,0.25161,0.00067,0.01,228
74.29134,0,28.32498,0.01624,126.77787,-0.267130000000009,0,0.266739999999999,-0.00352,0.0027600000000092,12,246.00067,0.4702,0.13908,0.1117,0.07623,0.25161,0.00067,0.01,229
74.02421,0,28.59172,0.01272,126.78063,-0.268209999999996,0,0.267810000000001,-0.00275,0.00216000000000349,12,246.00067,0.4702,0.13908,0.1117,0.07623,0.25161,0.00067,0.01,230
