A, S, R, P, C,
34.34625  , 1.7273    , 0.01273   , 213.825   , 0.0       , 
32.62767  , 3.35696   , 0.01736   , 213.825   , 0.0       , 
30.99455  , 4.90333   , 0.02399   , 213.825   , 0.0       , 
29.44242  , 6.37055   , 0.03276   , 213.825   , 0.0       , 
27.96703  , 7.76253   , 0.0438    , 213.825   , 0.0       , 
26.5643   , 9.08298   , 0.05725   , 213.825   , 0.0       , 
25.23038  , 10.33542  , 0.0733    , 213.825   , 0.0       , 
23.96155  , 11.52316  , 0.09213   , 213.825   , 0.0       , 
22.75429  , 12.64935  , 0.11396   , 213.825   , 0.0       , 
21.60524  , 13.71696  , 0.13901   , 213.825   , 0.0       , 
20.51117  , 14.7288   , 0.16755   , 213.825   , 0.0       , 
19.46899  , 15.68752  , 0.19984   , 213.825   , 0.0       , 
18.47576  , 16.59562  , 0.23621   , 213.825   , 0.0       , 
17.52865  , 17.45546  , 0.27697   , 213.825   , 0.0       , 
16.62495  , 18.26925  , 0.32249   , 213.825   , 0.0       , 
15.76207  , 19.03909  , 0.37313   , 213.825   , 0.0       , 
14.93751  , 19.76692  , 0.4293    , 213.825   , 0.0       , 
14.14891  , 20.4546   , 0.49142   , 213.825   , 0.0       , 
13.39397  , 21.10385  , 0.55992   , 213.825   , 0.0       , 
12.67053  , 21.71627  , 0.63526   , 213.825   , 0.0       , 
11.97651  , 22.29338  , 0.71788   , 213.825   , 0.0       , 
11.30995  , 22.83658  , 0.80822   , 213.825   , 0.0       , 
10.66902  , 23.3472   , 0.9067    , 213.825   , 0.0       , 
10.052    , 23.82645  , 1.0137    , 213.825   , 0.0       , 
9.45732   , 24.27549  , 1.12953   , 213.825   , 0.0       , 
8.88355   , 24.69539  , 1.25443   , 213.825   , 0.0       , 
8.32945   , 25.08717  , 1.38854   , 213.825   , 0.0       , 
7.79397   , 25.45178  , 1.53185   , 213.825   , 0.0       , 
7.27624   , 25.79014  , 1.68419   , 213.825   , 0.0       , 
6.77567   , 26.10313  , 1.84518   , 213.825   , 0.0       , 
6.29186   , 26.39162  , 2.01425   , 213.825   , 0.0       , 
5.82469   , 26.65647  , 2.19057   , 213.825   , 0.0       , 
5.37427   , 26.89852  , 2.3731    , 213.825   , 0.0       , 
4.94093   , 27.11867  , 2.56053   , 213.825   , 0.0       , 
4.52523   , 27.31781  , 2.75137   , 213.825   , 0.0       , 
4.12787   , 27.49689  , 2.94396   , 213.825   , 0.0       , 
3.74963   , 27.65687  , 3.13653   , 213.825   , 0.0       , 
3.39136   , 27.79879  , 3.32728   , 213.825   , 0.0       , 
3.05384   , 27.92368  , 3.51444   , 213.825   , 0.0       , 
2.73775   , 28.03264  , 3.69637   , 213.825   , 0.0       , 
2.44358   , 28.12679  , 3.8716    , 213.825   , 0.0       , 
2.1716    , 28.20724  , 4.03893   , 213.825   , 0.0       , 
1.92179   , 28.27512  , 4.19743   , 213.825   , 0.0       , 
1.69388   , 28.33154  , 4.34644   , 213.825   , 0.0       , 
1.4873    , 28.37758  , 4.48563   , 213.825   , 0.0       , 
1.30124   , 28.41426  , 4.61491   , 213.825   , 0.0       , 
1.13467   , 28.44258  , 4.73443   , 213.825   , 0.0       , 
0.98641   , 28.46346  , 4.84452   , 213.825   , 0.0       , 
0.85513   , 28.47775  , 4.94569   , 213.825   , 0.0       , 
0.73947   , 28.48625  , 5.0385    , 213.825   , 0.0       , 
0.63801   , 28.48966  , 5.12362   , 213.825   , 0.0       , 
0.54938   , 28.48864  , 5.20173   , 213.825   , 0.0       , 
0.47222   , 28.48376  , 5.2735    , 213.825   , 0.0       , 
0.40527   , 28.47554  , 5.33961   , 213.825   , 0.0       , 
0.34733   , 28.46443  , 5.40069   , 213.825   , 0.0       , 
0.29733   , 28.45084  , 5.45732   , 213.825   , 0.0       , 
0.25427   , 28.4351   , 5.51005   , 213.825   , 0.0       , 
0.21725   , 28.41753  , 5.55937   , 213.825   , 0.0       , 
0.18548   , 28.39838  , 5.60572   , 213.825   , 0.0       , 
0.15825   , 28.3779   , 5.64949   , 213.825   , 0.0       , 
0.13495   , 28.35627  , 5.69102   , 213.825   , 0.0       , 
0.11502   , 28.33366  , 5.73063   , 213.825   , 0.0       , 
0.09799   , 28.31023  , 5.76857   , 213.825   , 0.0       , 
0.08346   , 28.28609  , 5.80509   , 213.825   , 0.0       , 
0.07106   , 28.26136  , 5.84037   , 213.825   , 0.0       , 
0.06048   , 28.23612  , 5.87459   , 213.825   , 0.0       , 
0.05147   , 28.21046  , 5.9079    , 213.825   , 0.0       , 
0.0438    , 28.18443  , 5.94043   , 213.825   , 0.0       , 
0.03726   , 28.15811  , 5.97229   , 213.825   , 0.0       , 
0.03169   , 28.13154  , 6.00358   , 213.825   , 0.0       , 
0.02696   , 28.10476  , 6.03437   , 213.825   , 0.0       , 
0.02292   , 28.0778   , 6.06473   , 213.825   , 0.0       , 
0.01949   , 28.05069  , 6.09472   , 213.825   , 0.0       , 
0.01658   , 28.02347  , 6.1244    , 213.825   , 0.0       , 
0.01409   , 27.99615  , 6.1538    , 213.825   , 0.0       , 
0.01198   , 27.96876  , 6.18297   , 213.825   , 0.0       , 
0.01019   , 27.9413   , 6.21192   , 213.825   , 0.0       , 
0.00866   , 27.91379  , 6.2407    , 213.825   , 0.0       , 
0.00736   , 27.88624  , 6.26932   , 213.825   , 0.0       , 
0.00626   , 27.85867  , 6.29781   , 213.825   , 0.0       , 
0.00532   , 27.83108  , 6.32617   , 213.825   , 0.0       , 
0.00452   , 27.80347  , 6.35443   , 213.825   , 0.0       , 
0.00385   , 27.77586  , 6.38259   , 213.825   , 0.0       , 
0.00327   , 27.74825  , 6.41066   , 213.825   , 0.0       , 
0.00278   , 27.72064  , 6.43866   , 213.825   , 0.0       , 
0.00236   , 27.69304  , 6.46659   , 213.825   , 0.0       , 
0.00201   , 27.66544  , 6.49446   , 213.825   , 0.0       , 
0.00171   , 27.63786  , 6.52226   , 213.825   , 0.0       , 
0.00145   , 27.6103   , 6.55002   , 213.825   , 0.0       , 
0.00123   , 27.58275  , 6.57773   , 213.825   , 0.0       , 
0.00105   , 27.55522  , 6.60539   , 213.825   , 0.0       , 
0.00089   , 27.52771  , 6.633     , 213.825   , 0.0       , 
0.00076   , 27.50022  , 6.66058   , 213.825   , 0.0       , 
0.00064   , 27.47275  , 6.68812   , 213.825   , 0.0       , 
0.00055   , 27.44531  , 6.71562   , 213.825   , 0.0       , 
0.00047   , 27.41788  , 6.74308   , 213.825   , 0.0       , 
0.0004    , 27.39049  , 6.77051   , 213.825   , 0.0       , 
0.00034   , 27.36311  , 6.79791   , 213.825   , 0.0       , 
0.00029   , 27.33576  , 6.82527   , 213.825   , 0.0       , 
0.00024   , 27.30844  , 6.8526    , 213.825   , 0.0       , 
0.00021   , 27.28114  , 6.87991   , 213.825   , 0.0       , 
0.00018   , 27.25387  , 6.90718   , 213.825   , 0.0       , 
0.00015   , 27.22662  , 6.93442   , 213.825   , 0.0       , 
0.00013   , 27.1994   , 6.96163   , 213.825   , 0.0       , 
0.00011   , 27.17221  , 6.98881   , 213.825   , 0.0       , 
9e-05     , 27.14504  , 7.01597   , 213.825   , 0.0       , 
8e-05     , 27.1179   , 7.04309   , 213.825   , 0.0       , 
7e-05     , 27.09079  , 7.07019   , 213.825   , 0.0       , 
6e-05     , 27.0637   , 7.09726   , 213.825   , 0.0       , 
5e-05     , 27.03664  , 7.1243    , 213.825   , 0.0       , 
4e-05     , 27.0096   , 7.15132   , 213.825   , 0.0       , 
3e-05     , 26.98259  , 7.1783    , 213.825   , 0.0       , 
3e-05     , 26.95561  , 7.20526   , 213.825   , 0.0       , 
2e-05     , 26.92866  , 7.23219   , 213.825   , 0.0       , 
2e-05     , 26.90173  , 7.25909   , 213.825   , 0.0       , 
2e-05     , 26.87483  , 7.28597   , 213.825   , 0.0       , 
2e-05     , 26.84796  , 7.31282   , 213.825   , 0.0       , 
1e-05     , 26.82111  , 7.33964   , 213.825   , 0.0       , 
1e-05     , 26.79429  , 7.36644   , 213.825   , 0.0       , 
1e-05     , 26.76749  , 7.39321   , 213.825   , 0.0       , 
1e-05     , 26.74073  , 7.41995   , 213.825   , 0.0       , 
1e-05     , 26.71399  , 7.44666   , 213.825   , 0.0       , 
1e-05     , 26.68727  , 7.47335   , 213.825   , 0.0       , 
0.0       , 26.66059  , 7.50001   , 213.825   , 0.0       , 
0.0       , 26.63393  , 7.52665   , 213.825   , 0.0       , 
0.0       , 26.60729  , 7.55325   , 213.825   , 0.0       , 
0.0       , 26.58068  , 7.57984   , 213.825   , 0.0       , 
0.0       , 26.5541   , 7.60639   , 213.825   , 0.0       , 
0.0       , 26.52755  , 7.63292   , 213.825   , 0.0       , 
0.0       , 26.50102  , 7.65942   , 213.825   , 0.0       , 
0.0       , 26.47452  , 7.68589   , 213.825   , 0.0       , 
0.0       , 26.44805  , 7.71234   , 213.825   , 0.0       , 
0.0       , 26.4216   , 7.73876   , 213.825   , 0.0       , 
0.0       , 26.39518  , 7.76516   , 213.825   , 0.0       , 
0.0       , 26.36878  , 7.79153   , 213.825   , 0.0       , 
0.0       , 26.34241  , 7.81787   , 213.825   , 0.0       , 
0.0       , 26.31607  , 7.84419   , 213.825   , 0.0       , 
0.0       , 26.28976  , 7.87048   , 213.825   , 0.0       , 
0.0       , 26.26347  , 7.89674   , 213.825   , 0.0       , 
0.0       , 26.2372   , 7.92298   , 213.825   , 0.0       , 
0.0       , 26.21096  , 7.94919   , 213.825   , 0.0       , 
0.0       , 26.18475  , 7.97537   , 213.825   , 0.0       , 
0.0       , 26.15857  , 8.00153   , 213.825   , 0.0       , 
0.0       , 26.13241  , 8.02766   , 213.825   , 0.0       , 
0.0       , 26.10628  , 8.05377   , 213.825   , 0.0       , 
0.0       , 26.08017  , 8.07985   , 213.825   , 0.0       , 
0.0       , 26.05409  , 8.1059    , 213.825   , 0.0       , 
0.0       , 26.02804  , 8.13193   , 213.825   , 0.0       , 
0.0       , 26.00201  , 8.15793   , 213.825   , 0.0       , 
0.0       , 25.97601  , 8.18391   , 213.825   , 0.0       , 
0.0       , 25.95003  , 8.20986   , 213.825   , 0.0       , 
0.0       , 25.92408  , 8.23578   , 213.825   , 0.0       , 
0.0       , 25.89816  , 8.26168   , 213.825   , 0.0       , 
0.0       , 25.87226  , 8.28755   , 213.825   , 0.0       , 
0.0       , 25.84639  , 8.3134    , 213.825   , 0.0       , 
0.0       , 25.82054  , 8.33922   , 213.825   , 0.0       , 
0.0       , 25.79472  , 8.36502   , 213.825   , 0.0       , 
0.0       , 25.76893  , 8.39079   , 213.825   , 0.0       , 
0.0       , 25.74316  , 8.41653   , 213.825   , 0.0       , 
0.0       , 25.71741  , 8.44225   , 213.825   , 0.0       , 
0.0       , 25.6917   , 8.46794   , 213.825   , 0.0       , 
0.0       , 25.666    , 8.4936    , 213.825   , 0.0       , 
0.0       , 25.64034  , 8.51924   , 213.825   , 0.0       , 
0.0       , 25.6147   , 8.54486   , 213.825   , 0.0       , 
0.0       , 25.58908  , 8.57045   , 213.825   , 0.0       , 
0.0       , 25.56349  , 8.59601   , 213.825   , 0.0       , 
0.0       , 25.53793  , 8.62155   , 213.825   , 0.0       , 
0.0       , 25.51239  , 8.64706   , 213.825   , 0.0       , 
0.0       , 25.48688  , 8.67255   , 213.825   , 0.0       , 
0.0       , 25.46139  , 8.69801   , 213.825   , 0.0       , 
0.0       , 25.43593  , 8.72345   , 213.825   , 0.0       , 
0.0       , 25.4105   , 8.74886   , 213.825   , 0.0       , 
0.0       , 25.38509  , 8.77424   , 213.825   , 0.0       , 
0.0       , 25.3597   , 8.7996    , 213.825   , 0.0       , 
0.0       , 25.33434  , 8.82494   , 213.825   , 0.0       , 
0.0       , 25.30901  , 8.85024   , 213.825   , 0.0       , 
0.0       , 25.2837   , 8.87553   , 213.825   , 0.0       , 
0.0       , 25.25841  , 8.90079   , 213.825   , 0.0       , 
0.0       , 25.23316  , 8.92602   , 213.825   , 0.0       , 
0.0       , 25.20792  , 8.95123   , 213.825   , 0.0       , 
0.0       , 25.18271  , 8.97641   , 213.825   , 0.0       , 
0.0       , 25.15753  , 9.00157   , 213.825   , 0.0       , 
0.0       , 25.13237  , 9.0267    , 213.825   , 0.0       , 
0.0       , 25.10724  , 9.05181   , 213.825   , 0.0       , 
0.0       , 25.08213  , 9.07689   , 213.825   , 0.0       , 
0.0       , 25.05705  , 9.10195   , 213.825   , 0.0       , 
0.0       , 25.032    , 9.12698   , 213.825   , 0.0       , 
0.0       , 25.00696  , 9.15199   , 213.825   , 0.0       , 
0.0       , 24.98196  , 9.17697   , 213.825   , 0.0       , 
0.0       , 24.95697  , 9.20192   , 213.825   , 0.0       , 
0.0       , 24.93202  , 9.22686   , 213.825   , 0.0       , 
0.0       , 24.90709  , 9.25176   , 213.825   , 0.0       , 
0.0       , 24.88218  , 9.27665   , 213.825   , 0.0       , 
0.0       , 24.8573   , 9.3015    , 213.825   , 0.0       , 
0.0       , 24.83244  , 9.32634   , 213.825   , 0.0       , 
0.0       , 24.80761  , 9.35114   , 213.825   , 0.0       , 
0.0       , 24.7828   , 9.37593   , 213.825   , 0.0       , 
0.0       , 24.75802  , 9.40068   , 213.825   , 0.0       , 
0.0       , 24.73326  , 9.42542   , 213.825   , 0.0       , 
0.0       , 24.70852  , 9.45013   , 213.825   , 0.0       , 
0.0       , 24.68382  , 9.47481   , 213.825   , 0.0       , 
0.0       , 24.65913  , 9.49947   , 213.825   , 0.0       , 
0.0       , 24.63447  , 9.5241    , 213.825   , 0.0       , 
0.0       , 24.60984  , 9.54871   , 213.825   , 0.0       , 
0.0       , 24.58523  , 9.5733    , 213.825   , 0.0       , 
0.0       , 24.56064  , 9.59786   , 213.825   , 0.0       , 
0.0       , 24.53608  , 9.62239   , 213.825   , 0.0       , 
0.0       , 24.51155  , 9.64691   , 213.825   , 0.0       , 
0.0       , 24.48704  , 9.67139   , 213.825   , 0.0       , 
0.0       , 24.46255  , 9.69586   , 213.825   , 0.0       , 
0.0       , 24.43809  , 9.72029   , 213.825   , 0.0       , 
0.0       , 24.41365  , 9.74471   , 213.825   , 0.0       , 
0.0       , 24.38923  , 9.7691    , 213.825   , 0.0       , 
0.0       , 24.36484  , 9.79346   , 213.825   , 0.0       , 
0.0       , 24.34048  , 9.8178    , 213.825   , 0.0       , 
0.0       , 24.31614  , 9.84212   , 213.825   , 0.0       , 
0.0       , 24.29182  , 9.86641   , 213.825   , 0.0       , 
0.0       , 24.26753  , 9.89068   , 213.825   , 0.0       , 
0.0       , 24.24326  , 9.91492   , 213.825   , 0.0       , 
0.0       , 24.21902  , 9.93914   , 213.825   , 0.0       , 
0.0       , 24.1948   , 9.96333   , 213.825   , 0.0       , 
0.0       , 24.17061  , 9.98751   , 213.825   , 0.0       , 
0.0       , 24.14644  , 10.01165  , 212.10351 , 1.72087   , 
0.0       , 24.05152  , 10.10639  , 210.36709 , 3.45663   , 
0.0       , 23.9563   , 10.20143  , 208.61576 , 5.20728   , 
0.0       , 23.8608   , 10.29675  , 206.84952 , 6.97281   , 
0.0       , 23.76501  , 10.39236  , 205.06839 , 8.75321   , 
0.0       , 23.66894  , 10.48824  , 203.27236 , 10.54846  , 
0.0       , 23.5726   , 10.5844   , 201.46146 , 12.35856  , 
0.0       , 23.47598  , 10.68083  , 199.63571 , 14.18347  , 
0.0       , 23.37909  , 10.77752  , 197.79512 , 16.02318  , 
0.0       , 23.28194  , 10.87448  , 195.93972 , 17.87766  , 
0.0       , 23.18454  , 10.97169  , 194.06954 , 19.74689  , 
0.0       , 23.08688  , 11.06914  , 192.18461 , 21.63083  , 
0.0       , 22.98897  , 11.16685  , 190.28495 , 23.52944  , 
0.0       , 22.89083  , 11.26479  , 188.37062 , 25.44269  , 
0.0       , 22.79244  , 11.36298  , 186.44164 , 27.37053  , 
0.0       , 22.69382  , 11.46139  , 184.49807 , 29.31291  , 
0.0       , 22.59497  , 11.56002  , 182.53996 , 31.26979  , 
0.0       , 22.4959   , 11.65888  , 180.56735 , 33.24111  , 
0.0       , 22.39662  , 11.75795  , 178.58031 , 35.2268   , 
0.0       , 22.29712  , 11.85723  , 176.57889 , 37.2268   , 
0.0       , 22.19741  , 11.95672  , 174.56318 , 39.24104  , 
0.0       , 22.09751  , 12.0564   , 172.53322 , 41.26945  , 
0.0       , 21.9974   , 12.15628  , 170.48912 , 43.31195  , 
0.0       , 21.89711  , 12.25634  , 168.43094 , 45.36844  , 
0.0       , 21.79664  , 12.35659  , 166.35877 , 47.43885  , 
0.0       , 21.69598  , 12.45701  , 164.27271 , 49.52306  , 
0.0       , 21.59515  , 12.55761  , 162.17286 , 51.62098  , 
0.0       , 21.49415  , 12.65837  , 160.05933 , 53.7325   , 
0.0       , 21.39299  , 12.75929  , 157.93222 , 55.85749  , 
0.0       , 21.29167  , 12.86036  , 155.79166 , 57.99584  , 
0.0       , 21.1902   , 12.96158  , 153.63778 , 60.14741  , 
0.0       , 21.08859  , 13.06295  , 151.4707  , 62.31206  , 
0.0       , 20.98684  , 13.16445  , 149.29057 , 64.48964  , 
0.0       , 20.88495  , 13.26608  , 147.09755 , 66.68     , 
0.0       , 20.78294  , 13.36784  , 144.8918  , 68.88296  , 
0.0       , 20.68081  , 13.46972  , 142.67347 , 71.09835  , 
0.0       , 20.57855  , 13.5717   , 140.44276 , 73.32599  , 
0.0       , 20.47619  , 13.6738   , 138.19985 , 75.56568  , 
0.0       , 20.37373  , 13.776    , 135.94494 , 77.8172   , 
0.0       , 20.27117  , 13.87829  , 133.67825 , 80.08033  , 
0.0       , 20.16852  , 13.98067  , 131.4     , 82.35485  , 
0.0       , 20.06578  , 14.08313  , 129.11043 , 84.6405   , 
0.0       , 19.96296  , 14.18567  , 126.80979 , 86.93702  , 
0.0       , 19.86007  , 14.28828  , 124.49834 , 89.24413  , 
0.0       , 19.75711  , 14.39095  , 122.17637 , 91.56154  , 
0.0       , 19.65409  , 14.49369  , 119.84417 , 93.88893  , 
0.0       , 19.55102  , 14.59647  , 117.50206 , 96.22598  , 
0.0       , 19.4479   , 14.6993   , 115.15038 , 98.57234  , 
0.0       , 19.34473  , 14.80217  , 112.78947 , 100.92762 , 
0.0       , 19.24153  , 14.90508  , 110.41972 , 103.29146 , 
0.0       , 19.1383   , 15.00801  , 108.04152 , 105.66341 , 
0.0       , 19.03504  , 15.11096  , 105.65529 , 108.04304 , 
0.0       , 18.93177  , 15.21392  , 103.26148 , 110.42989 , 
0.0       , 18.82849  , 15.3169   , 100.86057 , 112.82344 , 
0.0       , 18.7252   , 15.41988  , 98.45306  , 115.22317 , 
0.0       , 18.62191  , 15.52285  , 96.03949  , 117.62851 , 
0.0       , 18.51863  , 15.62581  , 93.62043  , 120.03885 , 
0.0       , 18.41536  , 15.72876  , 91.19649  , 122.45356 , 
0.0       , 18.31211  , 15.83168  , 88.76832  , 124.87195 , 
0.0       , 18.20889  , 15.93458  , 86.3366   , 127.29328 , 
0.0       , 18.1057   , 16.03744  , 83.90209  , 129.71678 , 
0.0       , 18.00255  , 16.14026  , 81.46556  , 132.14161 , 
0.0       , 17.89945  , 16.24303  , 79.02785  , 134.56688 , 
0.0       , 17.79639  , 16.34575  , 76.58988  , 136.99163 , 
0.0       , 17.6934   , 16.44841  , 74.15259  , 139.41483 , 
0.0       , 17.59046  , 16.551    , 71.71704  , 141.83539 , 
0.0       , 17.4876   , 16.65352  , 69.28431  , 144.25212 , 
0.0       , 17.38481  , 16.75596  , 66.8556   , 146.66377 , 
0.0       , 17.2821   , 16.85832  , 64.43219  , 149.06896 , 
0.0       , 17.17948  , 16.96058  , 62.01545  , 151.46623 , 
0.0       , 17.07695  , 17.06275  , 59.60685  , 153.85402 , 
0.0       , 16.97453  , 17.16482  , 57.20798  , 156.23061 , 
0.0       , 16.87221  , 17.26678  , 54.82055  , 158.59417 , 
0.0       , 16.77     , 17.36862  , 52.44639  , 160.94275 , 
0.0       , 16.66791  , 17.47034  , 50.0875   , 163.27421 , 
0.0       , 16.56594  , 17.57194  , 47.746    , 165.58626 , 
0.0       , 16.46411  , 17.67341  , 45.42421  , 167.87642 , 
0.0       , 16.3624   , 17.77473  , 43.12461  , 170.14205 , 
0.0       , 16.26085  , 17.87591  , 40.84986  , 172.38027 , 
0.0       , 16.15943  , 17.97694  , 38.60286  , 174.588   , 
0.0       , 16.05818  , 18.07782  , 36.38669  , 176.76194 , 
0.0       , 15.95708  , 18.17853  , 34.20467  , 178.89855 , 
0.0       , 15.85614  , 18.27908  , 32.06037  , 180.99404 , 
0.0       , 15.75538  , 18.37945  , 29.95756  , 183.04441 , 
0.0       , 15.65479  , 18.47965  , 27.90027  , 185.0454  , 
0.0       , 15.55438  , 18.57966  , 25.89279  , 186.99254 , 
0.0       , 15.45416  , 18.67948  , 23.93956  , 188.88119 , 
0.0       , 15.35414  , 18.77911  , 22.04528  , 190.70652 , 
0.0       , 15.25431  , 18.87853  , 20.21473  , 192.46367 , 
0.0       , 15.15468  , 18.97775  , 18.45283  , 194.14771 , 
0.0       , 15.05527  , 19.07676  , 16.76446  , 195.75385 , 
0.0       , 14.95607  , 19.17555  , 15.15444  , 197.27751 , 
0.0       , 14.85709  , 19.27412  , 13.62734  , 198.71446 , 
0.0       , 14.75833  , 19.37246  , 12.18736  , 200.06104 , 
0.0       , 14.65981  , 19.47057  , 10.83815  , 201.31429 , 
0.0       , 14.56151  , 19.56844  , 9.58265   , 202.47216 , 
0.0       , 14.46346  , 19.66607  , 8.42289   , 203.53365 , 
0.0       , 14.36566  , 19.76345  , 7.35983   , 204.49895 , 
0.0       , 14.26811  , 19.86058  , 6.39325   , 205.3695  , 
0.0       , 14.17081  , 19.95745  , 5.52167   , 206.14801 , 
0.0       , 14.07377  , 20.05406  , 4.74235   , 206.83838 , 
0.0       , 13.977    , 20.1504   , 4.05135   , 207.44554 , 
0.0       , 13.88049  , 20.24647  , 3.4437    , 207.9753  , 
0.0       , 13.78426  , 20.34226  , 2.91358   , 208.43404 , 
0.0       , 13.68831  , 20.43778  , 2.45457   , 208.82849 , 
0.0       , 13.59265  , 20.533    , 2.05992   , 209.16547 , 
0.0       , 13.49727  , 20.62794  , 1.7228    , 209.45167 , 
0.0       , 13.40218  , 20.72258  , 1.4365    , 209.69348 , 
0.0       , 13.30739  , 20.81692  , 1.19462   , 209.89684 , 
0.0       , 13.21291  , 20.91096  , 0.99121   , 210.06719 , 
0.0       , 13.11873  , 21.00469  , 0.82083   , 210.20938 , 
0.0       , 13.02486  , 21.09812  , 0.67862   , 210.32772 , 
0.0       , 12.9313   , 21.19122  , 0.56026   , 210.42597 , 
0.0       , 12.83806  , 21.28401  , 0.462     , 210.50736 , 
0.0       , 12.74514  , 21.37647  , 0.3806    , 210.57467 , 
0.0       , 12.65255  , 21.4686   , 0.31328   , 210.63025 , 
0.0       , 12.56029  , 21.5604   , 0.2577    , 210.67609 , 
0.0       , 12.46836  , 21.65187  , 0.21186   , 210.71386 , 
0.0       , 12.37677  , 21.743    , 0.17409   , 210.74494 , 
0.0       , 12.28553  , 21.83378  , 0.143     , 210.77052 , 
0.0       , 12.19462  , 21.92422  , 0.11743   , 210.79154 , 
0.0       , 12.10407  , 22.01431  , 0.0964    , 210.80882 , 
0.0       , 12.01386  , 22.10405  , 0.07913   , 210.82301 , 
0.0       , 11.92402  , 22.19343  , 0.06493   , 210.83466 , 
0.0       , 11.83453  , 22.28245  , 0.05328   , 210.84423 , 
0.0       , 11.7454   , 22.37111  , 0.04371   , 210.85208 , 
0.0       , 11.65663  , 22.4594   , 0.03586   , 210.85853 , 
0.0       , 11.56824  , 22.54732  , 0.02942   , 210.86382 , 
0.0       , 11.48022  , 22.63487  , 0.02413   , 210.86816 , 
0.0       , 11.39257  , 22.72205  , 0.01979   , 210.87171 , 
0.0       , 11.30529  , 22.80885  , 0.01623   , 210.87463 , 
0.0       , 11.2184   , 22.89526  , 0.01331   , 210.87703 , 
0.0       , 11.13189  , 22.9813   , 0.01092   , 210.87899 , 
0.0       , 11.04576  , 23.06694  , 0.00895   , 210.8806  , 
