t N Q dS dP0 dP1 dP2 dR1 dR2 dA1 dA2
0 150 0 0.00153358569521345 1.73230318978312e-11 0 0 -0.000348933317336119 -0.00118465237198654 0 0
1 150 0 0.0015330177951185 1.69251279658056e-11 0 0 -0.000349231711576845 -0.00118378607780397 0 0
2 150 0 0.00153118571774513 1.65414348884951e-11 0 0 -0.0003501141486582 -0.00118107156348699 0 0
3 150 0 0.00152772886379182 1.61151092470391e-11 0 0 -0.000351718114858769 -0.00117601074344271 0 0
4 150 0 0.00152178639014977 1.57740487338742e-11 0 0 -0.000354328656512717 -0.00116745772828971 0 0
5 150 0 0.00151244288692709 1.54187773659942e-11 0 0 -0.000358194264914381 -0.00115424861678257 0 0
6 150 0 0.00149917808659694 1.50777168528293e-11 0 0 -0.000363429505119151 -0.00113574857635236 0 0
7 150 0 0.00148065779820428 1.47792889038101e-11 0 0 -0.000370303592323715 -0.00111035420088351 0 0
8 150 0 0.00145631398078194 1.44098066812148e-11 0 0 -0.000378919730342487 -0.0010773942455463 0 0
9 150 0 0.00142494204066423 1.4139800441626e-11 0 0 -0.000389453063064529 -0.00103548897280491 0 0
10 150 0 0.001385241002545 1.38271616378915e-11 0 0 -0.000402065665817508 -0.000983175332027738 0 0
11 150 0 0.00133649809929182 1.34861011247267e-11 0 0 -0.000416826350015346 -0.000919671744696399 0 0
12 150 0 0.00127692874453089 1.31592514662771e-11 0 0 -0.00043388418600126 -0.000843044554068292 0 0
13 150 0 0.00120578553920581 1.28608235172578e-11 0 0 -0.000453292228201202 -0.000752493306640026 0 0
14 150 0 0.00112152831361101 1.2519763004093e-11 0 0 -0.00047512417994708 -0.000646404129406856 0 0
15 150 0 0.00102251517624552 1.22497567645041e-11 0 0 -0.00049943805196445 -0.000523077120115935 0 0
16 150 0 0.000907872058377279 1.19229071060545e-11 0 0 -0.000526246027009224 -0.000381626027324014 0 0
17 150 0 0.000775443324371849 1.16671117211808e-11 0 0 -0.000555554612219657 -0.000219888708192936 0 0
18 150 0 0.000624340107329147 1.12692077891552e-11 0 0 -0.000587356589885355 -3.69835136090138e-05 0 0
19 150 0 0.000452781086423215 1.09849906948511e-11 0 0 -0.000621600247819077 0.000168819165139431 0 0
20 150 0 0.000258890346486851 1.06865627458319e-11 0 0 -0.000658211404696174 0.00039932106183773 0 0
21 150 0 4.17009022797288e-05 1.04449782156735e-11 0 0 -0.000697129238875365 0.000655428340132033 0 0
22 150 0 -0.000201129230205765 1.00044417195022e-11 0 0 -0.000738175800621186 0.000939305034225603 0 0
23 150 0 -0.000470547157448209 9.60653778747655e-12 0 0 -0.000781265732501201 0.00125181289319864 0 0
24 150 0 -0.000768381987001021 9.06652530829888e-12 0 0 -0.0008261832595226 0.00159456524959758 0 0
25 150 0 -0.00109652599106624 8.55493453855161e-12 0 0 -0.000872678331692784 0.00196920432566765 0 0
26 150 0 -0.00145590760003245 8.02913291408913e-12 0 0 -0.000920592998924344 0.00237650060166801 0 0
27 150 0 -0.0018487098735207 7.47490958019625e-12 0 0 -0.000969504640861684 0.00281821451691916 0 0
28 150 0 -0.00227578645859694 6.90647539158817e-12 0 0 -0.0010192244259792 0.00329501088690803 0 0
29 150 0 -0.00273867473445222 6.26698692940408e-12 0 0 -0.00106932011393537 0.00380799485052356 0 0
30 150 0 -0.00323890598662757 5.698552740796e-12 0 0 -0.00111931038991516 0.00435821637847148 0 0
31 150 0 -0.00377715028856329 5.10169684275752e-12 0 0 -0.00116890928337078 0.00494605957365882 0 0
32 150 0 -0.00435486453064016 4.50484094471904e-12 0 0 -0.00121737105048944 0.00557223558266493 0 0
33 150 0 -0.00497256483920694 3.95061761082616e-12 0 0 -0.00126438232408254 0.00623694716462206 0 0
34 150 0 -0.00563096518991557 3.39639427693328e-12 0 0 -0.00130925108603753 0.00694021627709001 0 0
35 150 0 -0.00633064292962615 2.74269496003399e-12 0 0 -0.00135111323243611 0.0076817561629984 0 0
36 150 0 -0.00707170141290447 2.20268248085631e-12 0 0 -0.00138959651718233 0.00846129793082004 0 0
37 150 0 -0.00785403616585256 1.63424829224823e-12 0 0 -0.0014237521291764 0.00927778829558701 0 0
38 150 0 -0.00867727438623689 1.08002495835535e-12 0 0 -0.00145260411789796 0.0101298785044978 0 0
39 150 0 -0.00954092658815853 6.11066752753686e-13 0 0 -0.00147560453492328 0.011016531123282 0 0
40 150 0 -0.0104434046243327 1.27897692436818e-13 0 0 -0.00149134958415257 0.0119347542085217 0 0
41 150 0 -0.0113838824192456 -3.12638803734444e-13 0 0 -0.00149924447140115 0.0128831268905339 0 0
42 150 0 -0.0123600579250365 -7.24753590475302e-13 0 0 -0.00149803483938832 0.0138580927641755 0 0
43 150 0 -0.0133691585303097 -1.15107923193136e-12 0 0 -0.00148636093638754 0.0148555194663046 0 0
44 150 0 -0.0144093083772461 -1.47792889038101e-12 0 0 -0.00146347740603143 0.0158727857827756 0 0
45 150 0 -0.0154753476075129 -1.76214598468505e-12 0 0 -0.00142751872941749 0.0169028663363201 0 0
46 150 0 -0.0165649146096101 -2.01794136955868e-12 0 0 -0.00137770344957038 0.0179426180585091 0 0
47 150 0 -0.0176723877841098 -2.21689333557151e-12 0 0 -0.00131241694231895 0.0189848047256622 0 0
48 150 0 -0.0187913554358374 -2.40163444686914e-12 0 0 -0.00122992686972508 0.0200212823047408 0 0
49 150 0 -0.0199178974945653 -2.52953213930596e-12 0 0 -0.0011293065957793 0.021047204089489 0 0
50 150 0 -0.0210416737275239 -2.52953213930596e-12 0 0 -0.00100826683713232 0.0220499405638074 0 0
51 150 0 -0.0221581246291791 -2.45847786572995e-12 0 0 -0.00086586171040972 0.023023986338745 0 0
52 150 0 -0.0232569846982358 -2.41584530158434e-12 0 0 -0.000700184885812999 0.0239571695832335 0 0
53 150 0 -0.024326808640474 -2.28794760914752e-12 0 0 -0.000509214482204583 0.0248360231218957 0 0
54 150 0 -0.0253609126838086 -2.18847162614111e-12 0 0 -0.000291900952707855 0.025652813635774 0 0
55 150 0 -0.0263420325867827 -2.1032064978499e-12 0 0 -4.56944284168426e-05 0.0263877270144965 0 0
56 150 0 -0.0272627360661843 -2.01794136955868e-12 0 0 0.000230439795460911 0.027032296270032 0 0
57 150 0 -0.0281068160083393 -1.93267624126747e-12 0 0 0.000538516652119118 0.0275682993555865 0 0
58 150 0 -0.0288561873020186 -1.80477854883065e-12 0 0 0.000880637310842723 0.0279755499905575 0 0
59 150 0 -0.0295008386710265 -1.80477854883065e-12 0 0 0.00125784385884267 0.0282429948115727 0 0
60 150 0 -0.0300156938991663 -1.84741111297626e-12 0 0 0.00167260071324347 0.0283430931853103 0 0
61 150 0 -0.030395650520866 -1.89004367712187e-12 0 0 0.0021258779872436 0.0282697725329804 0 0
62 150 0 -0.0306515999969861 -2.07478478841949e-12 0 0 0.00261945065602567 0.0280321493402605 0 0
63 150 0 -0.030809609344054 -2.25952589971712e-12 0 0 0.00315510848656099 0.0276545008567246 0 0
64 150 0 -0.0308825719591752 -2.64321897702757e-12 0 0 0.00373365655275867 0.0271489154055284 0 0
65 150 0 -0.0308971610024713 -2.95585778076202e-12 0 0 0.00435687939220173 0.0265402816092676 0 0
66 150 0 -0.0308638759193869 -3.36797256750287e-12 0 0 0.00502542234630026 0.0258384535719491 0 0
67 150 0 -0.0308015829066264 -3.78008735424373e-12 0 0 0.00574025056325824 0.0250613323420805 0 0
68 150 0 -0.0307282794204298 -4.2632564145606e-12 0 0 0.00650223653067802 0.0242260428883198 0 0
69 150 0 -0.0306508821687856 -4.73221462016227e-12 0 0 0.00731159666704164 0.0233392855001492 0 0
70 150 0 -0.0305851253695337 -5.10169684275752e-12 0 0 0.00816847878687741 0.0224166465809233 0 0
71 150 0 -0.0305433189030921 -5.44275735592237e-12 0 0 0.00907275267327366 0.021470566227955 0 0
72 150 0 -0.0305306986835134 -5.86908299737843e-12 0 0 0.0100240388228311 0.0205066598586851 0 0
73 150 0 -0.0305592736192963 -6.25277607468888e-12 0 0 0.0110209975371999 0.0195382760799739 0 0
74 150 0 -0.0306334171260616 -6.63646915199934e-12 0 0 0.0120628930118816 0.0185705241119133 0 0
75 150 0 -0.0307595284564144 -7.0627947934554e-12 0 0 0.0131475597772098 0.0176119686768071 0 0
76 150 0 -0.0309426367939523 -7.48912043491146e-12 0 0 0.0142723491531775 0.0166702876382266 0 0
77 150 0 -0.0311842398323776 -7.94386778579792e-12 0 0 0.0154354173874465 0.0157488224422262 0 0
78 150 0 -0.0314866703514483 -8.37019342725398e-12 0 0 0.0166316372707627 0.0148550330778304 0 0
79 150 0 -0.0318503407408102 -8.85336248757085e-12 0 0 0.0178586401917121 0.013991700546086 0 0
80 150 0 -0.0322739164734571 -9.2512664195965e-12 0 0 0.0191107140672604 0.0131632024030357 0 0
81 150 0 -0.0327546215210717 -9.77706804405898e-12 0 0 0.020381312701781 0.0123733088159825 0 0
82 150 0 -0.0332898952560399 -1.02460262496606e-11 0 0 0.0216663925964523 0.011623502656087 0 0
83 150 0 -0.0338721003906457 -1.07860387288383e-11 0 0 0.0229552391425137 0.0109168612444749 0 0
84 150 0 -0.0344975383351738 -1.13118403533008e-11 0 0 0.0242431076874607 0.0102544306438781 0 0
85 150 0 -0.0351567121714211 -1.18802745419089e-11 0 0 0.0255192455090323 0.00963746665835508 0 0
86 150 0 -0.0358384732445174 -1.24913412946626e-11 0 0 0.0267716317229158 0.00906684151737525 0 0
87 150 0 -0.0365358725940155 -1.30739863379858e-11 0 0 0.0279932045529012 0.00854266803667447 0 0
88 150 0 -0.0372304737649785 -1.37276856548851e-11 0 0 0.0291656717781518 0.00806480198217541 0 0
89 150 0 -0.0379141547218751 -1.42961198434932e-11 0 0 0.0302811351868892 0.00763301953012796 0 0
90 150 0 -0.0385685920972634 -1.49213974509621e-11 0 0 0.0313222939546674 0.00724629813754829 0 0
91 150 0 -0.0391731862484619 -1.54898316395702e-11 0 0 0.0322698221322404 0.00690336411095882 0 0
92 150 0 -0.0397162670175391 -1.61435309564695e-11 0 0 0.0331129577594237 0.00660330925265917 0 0
93 150 0 -0.0401682404939194 -1.6740386854508e-11 0 0 0.0338246537881549 0.00634358670009538 0 0
94 150 0 -0.0405219644529637 -1.73656644619768e-11 0 0 0.0343989406959048 0.00612302375117624 0 0
95 150 0 -0.04078364516063 -1.79909420694457e-11 0 0 0.0348447709223182 0.00593887423221662 0 0
96 150 0 -0.0409742638852748 -1.86162196769146e-11 0 0 0.0351860706337082 0.00578819324526214 0 0
97 150 0 -0.04110373490645 -1.92414972843835e-11 0 0 0.0354344761908053 0.00566925870913804 0 0
98 150 0 -0.0411909903270171 -1.97388771994156e-11 0 0 0.0356133991097023 0.00557759121064749 0 0
99 150 0 -0.0412432911599794 -2.01652028408716e-11 0 0 0.0357320306392921 0.00551126051386674 0 0
100 150 0 -0.041272474636294 -2.05773176276125e-11 0 0 0.0358063682838368 0.00546610634551348 0 0
101 150 0 -0.0412879698711919 -2.07762695936253e-11 0 0 0.0358503265123441 0.00543764335181973 0 0
102 150 0 -0.041293172526693 -2.09183781407773e-11 0 0 0.0358696998387329 0.00542347268089061 0 0
103 150 0 -0.0412947641229238 -2.09752215596382e-11 0 0 0.0358770902195342 0.005417673896293 0 0
