"P_nought","P_one","P_two","R_one","R_two","A_one","A_two","S","t","phi","p_onetwo","total_passive","lmbda","c","N","mu","p","k_one","k_two","Q","X"
122.85666,0,0,0,0,0.12659,0.12709,11.63788,1,0.10173,0.00396,122.85666,0.01194,4.6,134.74772,0.01065,0.08825,0.04913,0.02636,11,NA
122.85666,0,0,0.00622,0.00337,0.24384,0.24864,11.38997,2,0.10173,0.00396,122.85666,0.01194,4.6,134.74772,0.01065,0.08825,0.04913,0.02636,11,NA
122.85666,0,0,0.01817,0.01,0.35237,0.36486,11.14712,3,0.10173,0.00396,122.85666,0.01194,4.6,134.74772,0.01065,0.08825,0.04913,0.02636,11,NA
122.85666,0,0,0.03541,0.01976,0.45276,0.47594,10.90911,4,0.10173,0.00396,122.85666,0.01194,4.6,134.74772,0.01065,0.08825,0.04913,0.02636,11,NA
122.85666,0,0,0.05752,0.03253,0.54555,0.58208,10.67576,5,0.10173,0.00396,122.85666,0.01194,4.6,134.74772,0.01065,0.08825,0.04913,0.02636,11,NA
122.85666,0,0,0.08409,0.04821,0.63125,0.68346,10.44687,6,0.10173,0.00396,122.85666,0.01194,4.6,134.74772,0.01065,0.08825,0.04913,0.02636,11,NA
122.85666,0,0,0.11477,0.06668,0.71033,0.78027,10.22227,7,0.10173,0.00396,122.85666,0.01194,4.6,134.74772,0.01065,0.08825,0.04913,0.02636,11,NA
122.85666,0,0,0.14921,0.08784,0.78323,0.87268,10.00179,8,0.10173,0.00396,122.85666,0.01194,4.6,134.74772,0.01065,0.08825,0.04913,0.02636,11,NA
122.85666,0,0,0.1871,0.11158,0.85037,0.96085,9.78526,9,0.10173,0.00396,122.85666,0.01194,4.6,134.74772,0.01065,0.08825,0.04913,0.02636,11,NA
122.85666,0,0,0.22814,0.13781,0.91213,1.04495,9.57255,10,0.10173,0.00396,122.85666,0.01194,4.6,134.74772,0.01065,0.08825,0.04913,0.02636,11,NA
122.85666,0,0,0.27204,0.16644,0.96886,1.12513,9.36349,11,0.10173,0.00396,122.85666,0.01194,4.6,134.74772,0.01065,0.08825,0.04913,0.02636,11,NA
122.85666,0,0,0.31857,0.19735,1.02092,1.20155,9.15796,12,0.10173,0.00396,122.85666,0.01194,4.6,134.74772,0.01065,0.08825,0.04913,0.02636,11,NA
122.85666,0,0,0.36746,0.23048,1.06861,1.27435,8.95583,13,0.10173,0.00396,122.85666,0.01194,4.6,134.74772,0.01065,0.08825,0.04913,0.02636,11,NA
122.85666,0,0,0.41851,0.26573,1.11223,1.34368,8.75697,14,0.10173,0.00396,122.85666,0.01194,4.6,134.74772,0.01065,0.08825,0.04913,0.02636,11,NA
122.85666,0,0,0.47149,0.30302,1.15204,1.40966,8.56127,15,0.10173,0.00396,122.85666,0.01194,4.6,134.74772,0.01065,0.08825,0.04913,0.02636,11,NA
122.85666,0,0,0.52622,0.34226,1.18831,1.47243,8.36861,16,0.10173,0.00396,122.85666,0.01194,4.6,134.74772,0.01065,0.08825,0.04913,0.02636,11,NA
122.85666,0,0,0.58252,0.38338,1.22128,1.53212,8.1789,17,0.10173,0.00396,122.85666,0.01194,4.6,134.74772,0.01065,0.08825,0.04913,0.02636,11,NA
122.85666,0,0,0.64021,0.4263,1.25117,1.58885,7.99202,18,0.10173,0.00396,122.85666,0.01194,4.6,134.74772,0.01065,0.08825,0.04913,0.02636,11,NA
122.85666,0,0,0.69915,0.47094,1.27819,1.64273,7.80788,19,0.10173,0.00396,122.85666,0.01194,4.6,134.74772,0.01065,0.08825,0.04913,0.02636,11,NA
122.85666,0,0,0.75918,0.51725,1.30252,1.69388,7.62639,20,0.10173,0.00396,122.85666,0.01194,4.6,134.74772,0.01065,0.08825,0.04913,0.02636,11,NA
122.85666,0,0,0.82016,0.56515,1.32437,1.7424,7.44746,21,0.10173,0.00396,122.85666,0.01194,4.6,134.74772,0.01065,0.08825,0.04913,0.02636,11,NA
122.85666,0,0,0.88198,0.61457,1.34388,1.78841,7.27102,22,0.10173,0.00396,122.85666,0.01194,4.6,134.74772,0.01065,0.08825,0.04913,0.02636,11,NA
122.85666,0,0,0.94451,0.66545,1.36123,1.83201,7.09698,23,0.10173,0.00396,122.85666,0.01194,4.6,134.74772,0.01065,0.08825,0.04913,0.02636,11,NA
122.85666,0,0,1.00765,0.71773,1.37656,1.87329,6.92527,24,0.10173,0.00396,122.85666,0.01194,4.6,134.74772,0.01065,0.08825,0.04913,0.02636,11,NA
122.85666,0,0,1.07129,0.77135,1.39,1.91234,6.75581,25,0.10173,0.00396,122.85666,0.01194,4.6,134.74772,0.01065,0.08825,0.04913,0.02636,11,NA
122.85666,0,0,1.13534,0.82625,1.4017,1.94927,6.58854,26,0.10173,0.00396,122.85666,0.01194,4.6,134.74772,0.01065,0.08825,0.04913,0.02636,11,NA
122.85666,0,0,1.19971,0.88238,1.41176,1.98415,6.4234,27,0.10173,0.00396,122.85666,0.01194,4.6,134.74772,0.01065,0.08825,0.04913,0.02636,11,NA
122.85666,0,0,1.26432,0.93968,1.4203,2.01707,6.26031,28,0.10173,0.00396,122.85666,0.01194,4.6,134.74772,0.01065,0.08825,0.04913,0.02636,11,NA
122.85666,0,0,1.32909,0.99811,1.42742,2.04811,6.09922,29,0.10173,0.00396,122.85666,0.01194,4.6,134.74772,0.01065,0.08825,0.04913,0.02636,11,NA
122.85666,0,0,1.39396,1.05762,1.43323,2.07735,5.94008,30,0.10173,0.00396,122.85666,0.01194,4.6,134.74772,0.01065,0.08825,0.04913,0.02636,11,NA
122.85666,0,0,1.45886,1.11815,1.43781,2.10487,5.78283,31,0.10173,0.00396,122.85666,0.01194,4.6,134.74772,0.01065,0.08825,0.04913,0.02636,11,NA
122.85666,0,0,1.52372,1.17966,1.44124,2.13074,5.62742,32,0.10173,0.00396,122.85666,0.01194,4.6,134.74772,0.01065,0.08825,0.04913,0.02636,11,NA
122.85666,0,0,1.5885,1.24211,1.44362,2.15503,5.4738,33,0.10173,0.00396,122.85666,0.01194,4.6,134.74772,0.01065,0.08825,0.04913,0.02636,11,NA
122.85666,0,0,1.65314,1.30546,1.445,2.1778,5.32192,34,0.10173,0.00396,122.85666,0.01194,4.6,134.74772,0.01065,0.08825,0.04913,0.02636,11,NA
122.85666,0,0,1.71758,1.36966,1.44546,2.19912,5.17174,35,0.10173,0.00396,122.85666,0.01194,4.6,134.74772,0.01065,0.08825,0.04913,0.02636,11,NA
122.85666,0,0,1.7818,1.43468,1.44507,2.21906,5.02321,36,0.10173,0.00396,122.85666,0.01194,4.6,134.74772,0.01065,0.08825,0.04913,0.02636,11,NA
122.85666,0,0,1.84575,1.50048,1.44387,2.23767,4.8763,37,0.10173,0.00396,122.85666,0.01194,4.6,134.74772,0.01065,0.08825,0.04913,0.02636,11,NA
122.85666,0,0,1.90938,1.56702,1.44194,2.25502,4.73096,38,0.10173,0.00396,122.85666,0.01194,4.6,134.74772,0.01065,0.08825,0.04913,0.02636,11,NA
122.85666,0,0,1.97266,1.63427,1.43932,2.27115,4.58716,39,0.10173,0.00396,122.85666,0.01194,4.6,134.74772,0.01065,0.08825,0.04913,0.02636,11,NA
122.85666,0,0,2.03557,1.70219,1.43606,2.28612,4.44485,40,0.10173,0.00396,122.85666,0.01194,4.6,134.74772,0.01065,0.08825,0.04913,0.02636,11,NA
122.85666,0,0,2.09807,1.77075,1.4322,2.29999,4.30401,41,0.10173,0.00396,122.85666,0.01194,4.6,134.74772,0.01065,0.08825,0.04913,0.02636,11,NA
122.85666,0,0,2.16013,1.83993,1.42779,2.3128,4.1646,42,0.10173,0.00396,122.85666,0.01194,4.6,134.74772,0.01065,0.08825,0.04913,0.02636,11,NA
122.85666,0,0,2.22172,1.90968,1.42287,2.32461,4.02659,43,0.10173,0.00396,122.85666,0.01194,4.6,134.74772,0.01065,0.08825,0.04913,0.02636,11,NA
122.85666,0,0,2.28284,1.97999,1.41747,2.33545,3.88995,44,0.10173,0.00396,122.85666,0.01194,4.6,134.74772,0.01065,0.08825,0.04913,0.02636,11,NA
122.85666,0,0,2.34344,2.05083,1.41162,2.34537,3.75465,45,0.10173,0.00396,122.85666,0.01194,4.6,134.74772,0.01065,0.08825,0.04913,0.02636,11,NA
122.85666,0,0,2.40352,2.12216,1.40536,2.35442,3.62066,46,0.10173,0.00396,122.85666,0.01194,4.6,134.74772,0.01065,0.08825,0.04913,0.02636,11,NA
122.85666,0,0,2.46305,2.19397,1.39872,2.36264,3.48796,47,0.10173,0.00396,122.85666,0.01194,4.6,134.74772,0.01065,0.08825,0.04913,0.02636,11,NA
122.85666,0,0,2.52202,2.26623,1.39172,2.37006,3.35652,48,0.10173,0.00396,122.85666,0.01194,4.6,134.74772,0.01065,0.08825,0.04913,0.02636,11,NA
122.85666,0,0,2.58042,2.33891,1.38439,2.37672,3.2263,49,0.10173,0.00396,122.85666,0.01194,4.6,134.74772,0.01065,0.08825,0.04913,0.02636,11,NA
122.85666,0,0,2.63822,2.412,1.37675,2.38267,3.0973,50,0.10173,0.00396,122.85666,0.01194,4.6,134.74772,0.01065,0.08825,0.04913,0.02636,11,NA
122.85666,0,0,2.69542,2.48547,1.36883,2.38793,2.96948,51,0.10173,0.00396,122.85666,0.01194,4.6,134.74772,0.01065,0.08825,0.04913,0.02636,11,NA
122.85666,0,0,2.752,2.55931,1.36064,2.39254,2.84283,52,0.10173,0.00396,122.85666,0.01194,4.6,134.74772,0.01065,0.08825,0.04913,0.02636,11,NA
122.85666,0,0,2.80796,2.63349,1.35221,2.39654,2.71732,53,0.10173,0.00396,122.85666,0.01194,4.6,134.74772,0.01065,0.08825,0.04913,0.02636,11,NA
122.85666,0,0,2.86328,2.70799,1.34355,2.39994,2.59293,54,0.10173,0.00396,122.85666,0.01194,4.6,134.74772,0.01065,0.08825,0.04913,0.02636,11,NA
122.85666,0,0,2.91796,2.78279,1.33468,2.4028,2.46965,55,0.10173,0.00396,122.85666,0.01194,4.6,134.74772,0.01065,0.08825,0.04913,0.02636,11,NA
122.85666,0,0,2.97199,2.85789,1.32562,2.40512,2.34745,56,0.10173,0.00396,122.85666,0.01194,4.6,134.74772,0.01065,0.08825,0.04913,0.02636,11,NA
122.85666,0,0,3.02535,2.93326,1.31637,2.40695,2.22631,57,0.10173,0.00396,122.85666,0.01194,4.6,134.74772,0.01065,0.08825,0.04913,0.02636,11,NA
122.85666,0,0,3.07806,3.00889,1.30695,2.4083,2.10622,58,0.10173,0.00396,122.85666,0.01194,4.6,134.74772,0.01065,0.08825,0.04913,0.02636,11,NA
122.85666,0,0,3.13009,3.08475,1.29737,2.40921,1.98715,59,0.10173,0.00396,122.85666,0.01194,4.6,134.74772,0.01065,0.08825,0.04913,0.02636,11,NA
122.85666,0,0,3.18144,3.16085,1.28765,2.4097,1.86911,60,0.10173,0.00396,122.85666,0.01194,4.6,134.74772,0.01065,0.08825,0.04913,0.02636,11,NA
122.85666,0,0,3.23211,3.23716,1.27779,2.40979,1.75205,61,0.10173,0.00396,122.85666,0.01194,4.6,134.74772,0.01065,0.08825,0.04913,0.02636,11,NA
122.85666,0,0,3.2821,3.31366,1.26781,2.40951,1.63599,62,0.10173,0.00396,122.85666,0.01194,4.6,134.74772,0.01065,0.08825,0.04913,0.02636,11,NA
122.85666,0,0,3.3314,3.39036,1.25771,2.40887,1.52088,63,0.10173,0.00396,122.85666,0.01194,4.6,134.74772,0.01065,0.08825,0.04913,0.02636,11,NA
122.85666,0,0,3.38001,3.46723,1.2475,2.4079,1.40673,64,0.10173,0.00396,122.85666,0.01194,4.6,134.74772,0.01065,0.08825,0.04913,0.02636,11,NA
122.85666,0,0,3.42792,3.54426,1.23719,2.40662,1.29352,65,0.10173,0.00396,122.85666,0.01194,4.6,134.74772,0.01065,0.08825,0.04913,0.02636,11,NA
122.85666,0,0,3.47514,3.62145,1.22678,2.40505,1.18123,66,0.10173,0.00396,122.85666,0.01194,4.6,134.74772,0.01065,0.08825,0.04913,0.02636,11,NA
122.85666,0,0,3.52166,3.69878,1.21629,2.40321,1.06986,67,0.10173,0.00396,122.85666,0.01194,4.6,134.74772,0.01065,0.08825,0.04913,0.02636,11,NA
122.85666,0,0,3.56748,3.77625,1.20572,2.40112,0.95938,68,0.10173,0.00396,122.85666,0.01194,4.6,134.74772,0.01065,0.08825,0.04913,0.02636,11,NA
122.85666,0,0,3.6126,3.85383,1.19507,2.39879,0.84979,69,0.10173,0.00396,122.85666,0.01194,4.6,134.74772,0.01065,0.08825,0.04913,0.02636,11,NA
122.85666,0,0,3.65702,3.93153,1.18435,2.39623,0.74108,70,0.10173,0.00396,122.85666,0.01194,4.6,134.74772,0.01065,0.08825,0.04913,0.02636,11,NA
122.85666,0,0,3.70074,4.00934,1.17356,2.39348,0.63323,71,0.10173,0.00396,122.85666,0.01194,4.6,134.74772,0.01065,0.08825,0.04913,0.02636,11,NA
122.85666,0,0,3.74375,4.08725,1.16271,2.39054,0.52623,72,0.10173,0.00396,122.85666,0.01194,4.6,134.74772,0.01065,0.08825,0.04913,0.02636,11,NA
122.85666,0,0,3.78606,4.16524,1.1518,2.38742,0.42007,73,0.10173,0.00396,122.85666,0.01194,4.6,134.74772,0.01065,0.08825,0.04913,0.02636,11,NA
122.85666,0,0,3.82767,4.24332,1.14084,2.38414,0.31474,74,0.10173,0.00396,122.85666,0.01194,4.6,134.74772,0.01065,0.08825,0.04913,0.02636,11,NA
122.85666,0,0,3.86857,4.32147,1.12983,2.38072,0.21024,75,0.10173,0.00396,122.85666,0.01194,4.6,134.74772,0.01065,0.08825,0.04913,0.02636,11,NA
122.85666,0,0,3.90877,4.39969,1.11877,2.37717,0.10655,76,0.10173,0.00396,122.85666,0.01194,4.6,134.74772,0.01065,0.08825,0.04913,0.02636,11,NA
122.85666,0,0,3.94827,4.47797,1.10767,2.3735,0.00365,77,0.10173,0.00396,122.85666,0.01194,4.6,134.74772,0.01065,0.08825,0.04913,0.02636,11,NA
122.85666,0,0,3.98707,4.55631,1.09652,2.36972,-0.09845,78,0.10173,0.00396,122.85666,0.01194,4.6,134.74772,0.01065,0.08825,0.04913,0.02636,11,NA
122.85666,0,0,4.02516,4.6347,1.03726,2.31031,-0.09635,79,0.10173,0.00396,122.85666,0.01194,4.6,134.74772,0.01065,0.08825,0.04913,0.02636,11,NA
122.85666,0,0,4.0602,4.71167,0.98118,2.25226,-0.0943,80,0.10173,0.00396,122.85666,0.01194,4.6,134.74772,0.01065,0.08825,0.04913,0.02636,11,NA
122.85666,0,0,4.09234,4.78723,0.92809,2.19556,-0.09229,81,0.10173,0.00396,122.85666,0.01194,4.6,134.74772,0.01065,0.08825,0.04913,0.02636,11,NA
122.85666,0,0,4.12174,4.86141,0.87784,2.14017,-0.09033,82,0.10173,0.00396,122.85666,0.01194,4.6,134.74772,0.01065,0.08825,0.04913,0.02636,11,NA
122.85666,0,0,4.14856,4.93424,0.83028,2.08608,-0.0884,83,0.10173,0.00396,122.85666,0.01194,4.6,134.74772,0.01065,0.08825,0.04913,0.02636,11,NA
122.85666,0,0,4.17294,5.00574,0.78526,2.03326,-0.08652,84,0.10173,0.00396,122.85666,0.01194,4.6,134.74772,0.01065,0.08825,0.04913,0.02636,11,NA
122.85666,0,0,4.19501,5.07593,0.74266,1.98167,-0.08468,85,0.10173,0.00396,122.85666,0.01194,4.6,134.74772,0.01065,0.08825,0.04913,0.02636,11,NA
122.85666,0,0,4.2149,5.14484,0.70233,1.93131,-0.08288,86,0.10173,0.00396,122.85666,0.01194,4.6,134.74772,0.01065,0.08825,0.04913,0.02636,11,NA
122.85666,0,0,4.23273,5.2125,0.66417,1.88215,-0.08111,87,0.10173,0.00396,122.85666,0.01194,4.6,134.74772,0.01065,0.08825,0.04913,0.02636,11,NA
122.85666,0,0,4.24861,5.27892,0.62805,1.83416,-0.07938,88,0.10173,0.00396,122.85666,0.01194,4.6,134.74772,0.01065,0.08825,0.04913,0.02636,11,NA
122.85666,0,0,4.26266,5.34414,0.59386,1.78731,-0.07769,89,0.10173,0.00396,122.85666,0.01194,4.6,134.74772,0.01065,0.08825,0.04913,0.02636,11,NA
122.85666,0,0,4.27497,5.40816,0.56151,1.74159,-0.07604,90,0.10173,0.00396,122.85666,0.01194,4.6,134.74772,0.01065,0.08825,0.04913,0.02636,11,NA
122.85666,0,0,4.28564,5.47103,0.5309,1.69697,-0.07442,91,0.10173,0.00396,122.85666,0.01194,4.6,134.74772,0.01065,0.08825,0.04913,0.02636,11,NA
122.85666,0,0,4.29477,5.53275,0.50192,1.65343,-0.07284,92,0.10173,0.00396,122.85666,0.01194,4.6,134.74772,0.01065,0.08825,0.04913,0.02636,11,NA
122.85666,0,0,4.30244,5.59336,0.4745,1.61095,-0.07129,93,0.10173,0.00396,122.85666,0.01194,4.6,134.74772,0.01065,0.08825,0.04913,0.02636,11,NA
122.85666,0,0,4.30873,5.65287,0.44856,1.5695,-0.06977,94,0.10173,0.00396,122.85666,0.01194,4.6,134.74772,0.01065,0.08825,0.04913,0.02636,11,NA
122.85666,0,0,4.31372,5.71131,0.424,1.52906,-0.06828,95,0.10173,0.00396,122.85666,0.01194,4.6,134.74772,0.01065,0.08825,0.04913,0.02636,11,NA
122.85666,0,0,4.31748,5.76869,0.40077,1.48961,-0.06683,96,0.10173,0.00396,122.85666,0.01194,4.6,134.74772,0.01065,0.08825,0.04913,0.02636,11,NA
122.85666,0,0,4.32009,5.82505,0.37878,1.45113,-0.06541,97,0.10173,0.00396,122.85666,0.01194,4.6,134.74772,0.01065,0.08825,0.04913,0.02636,11,NA
122.85666,0,0,4.32161,5.8804,0.35798,1.4136,-0.06401,98,0.10173,0.00396,122.85666,0.01194,4.6,134.74772,0.01065,0.08825,0.04913,0.02636,11,NA
122.85666,0,0,4.3221,5.93476,0.33829,1.37699,-0.06265,99,0.10173,0.00396,122.85666,0.01194,4.6,134.74772,0.01065,0.08825,0.04913,0.02636,11,NA
122.85666,0,0,4.32162,5.98816,0.31967,1.34129,-0.06132,100,0.10173,0.00396,122.85666,0.01194,4.6,134.74772,0.01065,0.08825,0.04913,0.02636,11,NA
122.85666,0,0,4.32022,6.04061,0.30205,1.30648,-0.06001,101,0.10173,0.00396,122.85666,0.01194,4.6,134.74772,0.01065,0.08825,0.04913,0.02636,11,NA
122.85666,0,0,4.31797,6.09213,0.28537,1.27253,-0.05873,102,0.10173,0.00396,122.85666,0.01194,4.6,134.74772,0.01065,0.08825,0.04913,0.02636,11,NA
122.85666,0,0,4.31491,6.14274,0.2696,1.23943,-0.05748,103,0.10173,0.00396,122.85666,0.01194,4.6,134.74772,0.01065,0.08825,0.04913,0.02636,11,NA
122.85666,0,0,4.31108,6.19247,0.25468,1.20715,-0.05626,104,0.10173,0.00396,122.85666,0.01194,4.6,134.74772,0.01065,0.08825,0.04913,0.02636,11,NA
122.85666,0,0,4.30654,6.24133,0.24056,1.17568,-0.05506,105,0.10173,0.00396,122.85666,0.01194,4.6,134.74772,0.01065,0.08825,0.04913,0.02636,11,NA
122.85666,0,0,4.30132,6.28934,0.2272,1.145,-0.05389,106,0.10173,0.00396,122.85666,0.01194,4.6,134.74772,0.01065,0.08825,0.04913,0.02636,11,NA
122.85666,0,0,4.29547,6.33652,0.21457,1.11509,-0.05274,107,0.10173,0.00396,122.85666,0.01194,4.6,134.74772,0.01065,0.08825,0.04913,0.02636,11,NA
122.85666,0,0,4.28901,6.38288,0.20262,1.08594,-0.05162,108,0.10173,0.00396,122.85666,0.01194,4.6,134.74772,0.01065,0.08825,0.04913,0.02636,11,NA
122.85666,0,0,4.282,6.42844,0.19131,1.05752,-0.05052,109,0.10173,0.00396,122.85666,0.01194,4.6,134.74772,0.01065,0.08825,0.04913,0.02636,11,NA
122.85666,0,0,4.27446,6.47323,0.18062,1.02982,-0.04944,110,0.10173,0.00396,122.85666,0.01194,4.6,134.74772,0.01065,0.08825,0.04913,0.02636,11,NA
122.85666,0,0,4.26642,6.51726,0.1705,1.00282,-0.04839,111,0.10173,0.00396,122.85666,0.01194,4.6,134.74772,0.01065,0.08825,0.04913,0.02636,11,NA
122.85666,0,0,4.25792,6.56054,0.16094,0.97651,-0.04736,112,0.10173,0.00396,122.85666,0.01194,4.6,134.74772,0.01065,0.08825,0.04913,0.02636,11,NA
122.85666,0,0,4.24898,6.60309,0.15189,0.95086,-0.04635,113,0.10173,0.00396,122.85666,0.01194,4.6,134.74772,0.01065,0.08825,0.04913,0.02636,11,NA
122.85666,0,0,4.23963,6.64493,0.14333,0.92587,-0.04536,114,0.10173,0.00396,122.85666,0.01194,4.6,134.74772,0.01065,0.08825,0.04913,0.02636,11,NA
122.85666,0,0,4.2299,6.68607,0.13524,0.90152,-0.0444,115,0.10173,0.00396,122.85666,0.01194,4.6,134.74772,0.01065,0.08825,0.04913,0.02636,11,NA
122.85666,0,0,4.21981,6.72652,0.12759,0.87779,-0.04345,116,0.10173,0.00396,122.85666,0.01194,4.6,134.74772,0.01065,0.08825,0.04913,0.02636,11,NA
122.85666,0,0,4.20938,6.76632,0.12036,0.85466,-0.04253,117,0.10173,0.00396,122.85666,0.01194,4.6,134.74772,0.01065,0.08825,0.04913,0.02636,11,NA
122.85666,0,0,4.19864,6.80546,0.11351,0.83213,-0.04162,118,0.10173,0.00396,122.85666,0.01194,4.6,134.74772,0.01065,0.08825,0.04913,0.02636,11,NA
122.85666,0,0,4.18761,6.84396,0.10704,0.81017,-0.04074,119,0.10173,0.00396,122.85666,0.01194,4.6,134.74772,0.01065,0.08825,0.04913,0.02636,11,NA
122.85666,0,0,4.1763,6.88184,0.10093,0.78878,-0.03987,120,0.10173,0.00396,122.85666,0.01194,4.6,134.74772,0.01065,0.08825,0.04913,0.02636,11,NA
122.85666,0,0,4.16474,6.91911,0.09515,0.76794,-0.03902,121,0.10173,0.00396,122.85666,0.01194,4.6,134.74772,0.01065,0.08825,0.04913,0.02636,11,NA
122.85666,0,0,4.15294,6.95578,0.08968,0.74764,-0.03819,122,0.10173,0.00396,122.85666,0.01194,4.6,134.74772,0.01065,0.08825,0.04913,0.02636,11,NA
122.85666,0,0,4.14091,6.99187,0.08451,0.72786,-0.03738,123,0.10173,0.00396,122.85666,0.01194,4.6,134.74772,0.01065,0.08825,0.04913,0.02636,11,NA
122.85666,0,0,4.12868,7.02739,0.07963,0.70859,-0.03658,124,0.10173,0.00396,122.85666,0.01194,4.6,134.74772,0.01065,0.08825,0.04913,0.02636,11,NA
122.85666,0,0,4.11626,7.06235,0.07501,0.68982,-0.0358,125,0.10173,0.00396,122.85666,0.01194,4.6,134.74772,0.01065,0.08825,0.04913,0.02636,11,NA
122.85666,0,0,4.10366,7.09677,0.07065,0.67153,-0.03504,126,0.10173,0.00396,122.85666,0.01194,4.6,134.74772,0.01065,0.08825,0.04913,0.02636,11,NA
122.85666,0,0,4.0909,7.13066,0.06653,0.65372,-0.03429,127,0.10173,0.00396,122.85666,0.01194,4.6,134.74772,0.01065,0.08825,0.04913,0.02636,11,NA
122.85666,0,0,4.07798,7.16402,0.06263,0.63637,-0.03356,128,0.10173,0.00396,122.85666,0.01194,4.6,134.74772,0.01065,0.08825,0.04913,0.02636,11,NA
122.85666,0,0,4.06492,7.19688,0.05895,0.61947,-0.03285,129,0.10173,0.00396,122.85666,0.01194,4.6,134.74772,0.01065,0.08825,0.04913,0.02636,11,NA
122.85666,0,0,4.05174,7.22924,0.05547,0.60301,-0.03215,130,0.10173,0.00396,122.85666,0.01194,4.6,134.74772,0.01065,0.08825,0.04913,0.02636,11,NA
122.85666,0,0,4.03843,7.26111,0.05218,0.58698,-0.03146,131,0.10173,0.00396,122.85666,0.01194,4.6,134.74772,0.01065,0.08825,0.04913,0.02636,11,NA
122.85666,0,0,4.02502,7.29251,0.04908,0.57136,-0.03079,132,0.10173,0.00396,122.85666,0.01194,4.6,134.74772,0.01065,0.08825,0.04913,0.02636,11,NA
122.85666,0,0,4.01151,7.32344,0.04614,0.55616,-0.03014,133,0.10173,0.00396,122.85666,0.01194,4.6,134.74772,0.01065,0.08825,0.04913,0.02636,11,NA
122.85666,0,0,3.99791,7.35392,0.04337,0.54135,-0.0295,134,0.10173,0.00396,122.85666,0.01194,4.6,134.74772,0.01065,0.08825,0.04913,0.02636,11,NA
122.85666,0,0,3.98422,7.38395,0.04076,0.52693,-0.02887,135,0.10173,0.00396,122.85666,0.01194,4.6,134.74772,0.01065,0.08825,0.04913,0.02636,11,NA
122.85666,0,0,3.97046,7.41355,0.03829,0.51288,-0.02825,136,0.10173,0.00396,122.85666,0.01194,4.6,134.74772,0.01065,0.08825,0.04913,0.02636,11,NA
122.85666,0,0,3.95663,7.44272,0.03595,0.4992,-0.02765,137,0.10173,0.00396,122.85666,0.01194,4.6,134.74772,0.01065,0.08825,0.04913,0.02636,11,NA
122.85666,0,0,3.94275,7.47148,0.03375,0.48588,-0.02706,138,0.10173,0.00396,122.85666,0.01194,4.6,134.74772,0.01065,0.08825,0.04913,0.02636,11,NA
122.85666,0,0,3.92881,7.49983,0.03167,0.47291,-0.02649,139,0.10173,0.00396,122.85666,0.01194,4.6,134.74772,0.01065,0.08825,0.04913,0.02636,11,NA
122.85666,0,0,3.91482,7.52778,0.02971,0.46028,-0.02592,140,0.10173,0.00396,122.85666,0.01194,4.6,134.74772,0.01065,0.08825,0.04913,0.02636,11,NA
122.85666,0,0,3.90079,7.55535,0.02785,0.44798,-0.02537,141,0.10173,0.00396,122.85666,0.01194,4.6,134.74772,0.01065,0.08825,0.04913,0.02636,11,NA
122.85666,0,0,3.88673,7.58253,0.02611,0.436,-0.02483,142,0.10173,0.00396,122.85666,0.01194,4.6,134.74772,0.01065,0.08825,0.04913,0.02636,11,NA
122.85666,0,0,3.87263,7.60935,0.02446,0.42434,-0.0243,143,0.10173,0.00396,122.85666,0.01194,4.6,134.74772,0.01065,0.08825,0.04913,0.02636,11,NA
122.85666,0,0,3.85851,7.6358,0.0229,0.41299,-0.02379,144,0.10173,0.00396,122.85666,0.01194,4.6,134.74772,0.01065,0.08825,0.04913,0.02636,11,NA
122.85666,0,0,3.84437,7.66189,0.02143,0.40193,-0.02328,145,0.10173,0.00396,122.85666,0.01194,4.6,134.74772,0.01065,0.08825,0.04913,0.02636,11,NA
122.85666,0,0,3.83022,7.68764,0.02004,0.39117,-0.02278,146,0.10173,0.00396,122.85666,0.01194,4.6,134.74772,0.01065,0.08825,0.04913,0.02636,11,NA
122.85666,0,0,3.81605,7.71305,0.01874,0.38069,-0.0223,147,0.10173,0.00396,122.85666,0.01194,4.6,134.74772,0.01065,0.08825,0.04913,0.02636,11,NA
122.85666,0,0,3.80187,7.73813,0.01751,0.37049,-0.02182,148,0.10173,0.00396,122.85666,0.01194,4.6,134.74772,0.01065,0.08825,0.04913,0.02636,11,NA
122.85666,0,0,3.78769,7.76288,0.01634,0.36055,-0.02136,149,0.10173,0.00396,122.85666,0.01194,4.6,134.74772,0.01065,0.08825,0.04913,0.02636,11,NA
122.85666,0,0,3.77351,7.78731,0.01525,0.35088,-0.0209,150,0.10173,0.00396,122.85666,0.01194,4.6,134.74772,0.01065,0.08825,0.04913,0.02636,11,NA
122.85666,0,0,3.75933,7.81143,0.01422,0.34147,-0.02046,151,0.10173,0.00396,122.85666,0.01194,4.6,134.74772,0.01065,0.08825,0.04913,0.02636,11,NA
122.85666,0,0,3.74516,7.83525,0.01324,0.3323,-0.02002,152,0.10173,0.00396,122.85666,0.01194,4.6,134.74772,0.01065,0.08825,0.04913,0.02636,11,NA
122.85666,0,0,3.73099,7.85877,0.01233,0.32338,-0.0196,153,0.10173,0.00396,122.85666,0.01194,4.6,134.74772,0.01065,0.08825,0.04913,0.02636,11,NA
122.85666,0,0,3.71684,7.882,0.01147,0.31469,-0.01918,154,0.10173,0.00396,122.85666,0.01194,4.6,134.74772,0.01065,0.08825,0.04913,0.02636,11,NA
122.85666,0,0,3.7027,7.90494,0.01065,0.30623,-0.01877,155,0.10173,0.00396,122.85666,0.01194,4.6,134.74772,0.01065,0.08825,0.04913,0.02636,11,NA
122.85666,0,0,3.68857,7.92761,0.00989,0.298,-0.01837,156,0.10173,0.00396,122.85666,0.01194,4.6,134.74772,0.01065,0.08825,0.04913,0.02636,11,NA
122.85666,0,0,3.67446,7.95,0.00917,0.28998,-0.01798,157,0.10173,0.00396,122.85666,0.01194,4.6,134.74772,0.01065,0.08825,0.04913,0.02636,11,NA
122.85666,0,0,3.66038,7.97213,0.00849,0.28218,-0.0176,158,0.10173,0.00396,122.85666,0.01194,4.6,134.74772,0.01065,0.08825,0.04913,0.02636,11,NA
122.85666,0,0,3.64631,7.99399,0.00785,0.27459,-0.01722,159,0.10173,0.00396,122.85666,0.01194,4.6,134.74772,0.01065,0.08825,0.04913,0.02636,11,NA
122.85666,0,0,3.63227,8.0156,0.00725,0.26719,-0.01686,160,0.10173,0.00396,122.85666,0.01194,4.6,134.74772,0.01065,0.08825,0.04913,0.02636,11,NA
122.85666,0,0,3.61826,8.03695,0.00669,0.26,-0.0165,161,0.10173,0.00396,122.85666,0.01194,4.6,134.74772,0.01065,0.08825,0.04913,0.02636,11,NA
122.85666,0,0,3.60427,8.05807,0.00616,0.25299,-0.01615,162,0.10173,0.00396,122.85666,0.01194,4.6,134.74772,0.01065,0.08825,0.04913,0.02636,11,NA
122.85666,0,0,3.59032,8.07894,0.00566,0.24617,-0.0158,163,0.10173,0.00396,122.85666,0.01194,4.6,134.74772,0.01065,0.08825,0.04913,0.02636,11,NA
122.85666,0,0,3.57639,8.09958,0.00519,0.23954,-0.01547,164,0.10173,0.00396,122.85666,0.01194,4.6,134.74772,0.01065,0.08825,0.04913,0.02636,11,NA
122.85666,0,0,3.5625,8.11999,0.00475,0.23308,-0.01514,165,0.10173,0.00396,122.85666,0.01194,4.6,134.74772,0.01065,0.08825,0.04913,0.02636,11,NA
122.85666,0,0,3.54864,8.14017,0.00434,0.22679,-0.01481,166,0.10173,0.00396,122.85666,0.01194,4.6,134.74772,0.01065,0.08825,0.04913,0.02636,11,NA
122.85666,0,0,3.53481,8.16013,0.00395,0.22067,-0.0145,167,0.10173,0.00396,122.85666,0.01194,4.6,134.74772,0.01065,0.08825,0.04913,0.02636,11,NA
122.85666,0,0,3.52102,8.17988,0.00358,0.21471,-0.01419,168,0.10173,0.00396,122.85666,0.01194,4.6,134.74772,0.01065,0.08825,0.04913,0.02636,11,NA
122.85666,0,0,3.50727,8.19941,0.00324,0.20891,-0.01389,169,0.10173,0.00396,122.85666,0.01194,4.6,134.74772,0.01065,0.08825,0.04913,0.02636,11,NA
122.85666,0,0,3.49355,8.21874,0.00292,0.20327,-0.01359,170,0.10173,0.00396,122.85666,0.01194,4.6,134.74772,0.01065,0.08825,0.04913,0.02636,11,NA
122.85666,0,0,3.47987,8.23787,0.00262,0.19778,-0.0133,171,0.10173,0.00396,122.85666,0.01194,4.6,134.74772,0.01065,0.08825,0.04913,0.02636,11,NA
122.85666,0,0,3.46623,8.25679,0.00234,0.19243,-0.01302,172,0.10173,0.00396,122.85666,0.01194,4.6,134.74772,0.01065,0.08825,0.04913,0.02636,11,NA
122.85666,0,0,3.45264,8.27553,0.00208,0.18723,-0.01274,173,0.10173,0.00396,122.85666,0.01194,4.6,134.74772,0.01065,0.08825,0.04913,0.02636,11,NA
122.85666,0,0,3.43908,8.29407,0.00183,0.18216,-0.01247,174,0.10173,0.00396,122.85666,0.01194,4.6,134.74772,0.01065,0.08825,0.04913,0.02636,11,NA
122.85666,0,0,3.42556,8.31242,0.0016,0.17724,-0.01221,175,0.10173,0.00396,122.85666,0.01194,4.6,134.74772,0.01065,0.08825,0.04913,0.02636,11,NA
122.85666,0,0,3.41209,8.33059,0.00139,0.17244,-0.01195,176,0.10173,0.00396,122.85666,0.01194,4.6,134.74772,0.01065,0.08825,0.04913,0.02636,11,NA
122.85666,0,0,3.39866,8.34858,0.00119,0.16777,-0.01169,177,0.10173,0.00396,122.85666,0.01194,4.6,134.74772,0.01065,0.08825,0.04913,0.02636,11,NA
122.85666,0,0,3.38527,8.3664,0.001,0.16323,-0.01144,178,0.10173,0.00396,122.85666,0.01194,4.6,134.74772,0.01065,0.08825,0.04913,0.02636,11,NA
122.85666,0,0,3.37193,8.38404,0.00082,0.15881,-0.0112,179,0.10173,0.00396,122.85666,0.01194,4.6,134.74772,0.01065,0.08825,0.04913,0.02636,11,NA
122.85666,0,0,3.35863,8.40151,0.00066,0.1545,-0.01096,180,0.10173,0.00396,122.85666,0.01194,4.6,134.74772,0.01065,0.08825,0.04913,0.02636,11,NA
122.85666,0,0,3.34538,8.41882,0.00051,0.15032,-0.01073,181,0.10173,0.00396,122.85666,0.01194,4.6,134.74772,0.01065,0.08825,0.04913,0.02636,11,NA
122.85666,0,0,3.33217,8.43597,0.00037,0.14624,-0.0105,182,0.10173,0.00396,122.85666,0.01194,4.6,134.74772,0.01065,0.08825,0.04913,0.02636,11,NA
122.85666,0,0,3.319,8.45295,0.00024,0.14228,-0.01028,183,0.10173,0.00396,122.85666,0.01194,4.6,134.74772,0.01065,0.08825,0.04913,0.02636,11,NA
122.85666,0,0,3.30588,8.46978,0.00012,0.13842,-0.01006,184,0.10173,0.00396,122.85666,0.01194,4.6,134.74772,0.01065,0.08825,0.04913,0.02636,11,NA
122.85666,0,0,3.29281,8.48646,0,0.13466,-0.00984,185,0.10173,0.00396,122.85666,0.01194,4.6,134.74772,0.01065,0.08825,0.04913,0.02636,11,NA
122.85666,0,0,3.27978,8.50298,-1e-04,0.13101,-0.00963,186,0.10173,0.00396,122.85666,0.01194,4.6,134.74772,0.01065,0.08825,0.04913,0.02636,11,NA
122.85666,0,0,3.2668,8.51936,-2e-04,0.12745,-0.00943,187,0.10173,0.00396,122.85666,0.01194,4.6,134.74772,0.01065,0.08825,0.04913,0.02636,11,NA
122.85666,0,0,3.25387,8.53559,-0.00029,0.12399,-0.00923,188,0.10173,0.00396,122.85666,0.01194,4.6,134.74772,0.01065,0.08825,0.04913,0.02636,11,NA
122.85666,0,0,3.24098,8.55168,-0.00037,0.12062,-0.00903,189,0.10173,0.00396,122.85666,0.01194,4.6,134.74772,0.01065,0.08825,0.04913,0.02636,11,NA
122.85666,0,0,3.22814,8.56763,-0.00045,0.11734,-0.00884,190,0.10173,0.00396,122.85666,0.01194,4.6,134.74772,0.01065,0.08825,0.04913,0.02636,11,NA
122.85666,0,0,3.21535,8.58345,-0.00052,0.11415,-0.00865,191,0.10173,0.00396,122.85666,0.01194,4.6,134.74772,0.01065,0.08825,0.04913,0.02636,11,NA
122.85666,0,0,3.2026,8.59913,-0.00058,0.11105,-0.00847,192,0.10173,0.00396,122.85666,0.01194,4.6,134.74772,0.01065,0.08825,0.04913,0.02636,11,NA
122.85666,0,0,3.1899,8.61467,-0.00064,0.10803,-0.00829,193,0.10173,0.00396,122.85666,0.01194,4.6,134.74772,0.01065,0.08825,0.04913,0.02636,11,NA
122.85666,0,0,3.17725,8.63009,-7e-04,0.10509,-0.00811,194,0.10173,0.00396,122.85666,0.01194,4.6,134.74772,0.01065,0.08825,0.04913,0.02636,11,NA
122.85666,0,0,3.16465,8.64538,-0.00075,0.10223,-0.00794,195,0.10173,0.00396,122.85666,0.01194,4.6,134.74772,0.01065,0.08825,0.04913,0.02636,11,NA
122.85666,0,0,3.15209,8.66055,-0.00079,0.09945,-0.00777,196,0.10173,0.00396,122.85666,0.01194,4.6,134.74772,0.01065,0.08825,0.04913,0.02636,11,NA
122.85666,0,0,3.13958,8.67559,-0.00083,0.09674,-0.0076,197,0.10173,0.00396,122.85666,0.01194,4.6,134.74772,0.01065,0.08825,0.04913,0.02636,11,NA
122.85666,0,0,3.12712,8.69051,-0.00087,0.09411,-0.00744,198,0.10173,0.00396,122.85666,0.01194,4.6,134.74772,0.01065,0.08825,0.04913,0.02636,11,NA
122.85666,0,0,3.11471,8.70531,-9e-04,0.09154,-0.00728,199,0.10173,0.00396,122.85666,0.01194,4.6,134.74772,0.01065,0.08825,0.04913,0.02636,11,NA
122.85666,0,0,3.10234,8.72,-0.00093,0.08905,-0.00713,200,0.10173,0.00396,122.85666,0.01194,4.6,134.74772,0.01065,0.08825,0.04913,0.02636,11,NA
122.85666,0,0,3.09002,8.73457,-0.00096,0.08662,-0.00697,201,0.10173,0.00396,122.85666,0.01194,4.6,134.74772,0.01065,0.08825,0.04913,0.02636,11,NA
122.85666,0,0,3.07775,8.74903,-0.00098,0.08426,-0.00683,202,0.10173,0.00396,122.85666,0.01194,4.6,134.74772,0.01065,0.08825,0.04913,0.02636,11,NA
122.85666,0,0,3.06552,8.76338,-0.001,0.08196,-0.00668,203,0.10173,0.00396,122.85666,0.01194,4.6,134.74772,0.01065,0.08825,0.04913,0.02636,11,NA
122.85666,0,0,3.05335,8.77762,-0.00102,0.07973,-0.00654,204,0.10173,0.00396,122.85666,0.01194,4.6,134.74772,0.01065,0.08825,0.04913,0.02636,11,NA
122.85666,0,0,3.04122,8.79175,-0.00104,0.07755,-0.0064,205,0.10173,0.00396,122.85666,0.01194,4.6,134.74772,0.01065,0.08825,0.04913,0.02636,11,NA
122.85666,0,0,3.02914,8.80578,-0.00105,0.07543,-0.00626,206,0.10173,0.00396,122.85666,0.01194,4.6,134.74772,0.01065,0.08825,0.04913,0.02636,11,NA
122.85666,0,0,3.0171,8.81971,-0.00106,0.07338,-0.00613,207,0.10173,0.00396,122.85666,0.01194,4.6,134.74772,0.01065,0.08825,0.04913,0.02636,11,NA
122.85666,0,0,3.00511,8.83353,-0.00107,0.07137,-0.006,208,0.10173,0.00396,122.85666,0.01194,4.6,134.74772,0.01065,0.08825,0.04913,0.02636,11,NA
122.85666,0,0,2.99317,8.84725,-0.00108,0.06942,-0.00587,209,0.10173,0.00396,122.85666,0.01194,4.6,134.74772,0.01065,0.08825,0.04913,0.02636,11,NA
122.85666,0,0,2.98128,8.86088,-0.00108,0.06753,-0.00575,210,0.10173,0.00396,122.85666,0.01194,4.6,134.74772,0.01065,0.08825,0.04913,0.02636,11,NA
122.85666,0,0,2.96943,8.8744,-0.00108,0.06568,-0.00562,211,0.10173,0.00396,122.85666,0.01194,4.6,134.74772,0.01065,0.08825,0.04913,0.02636,11,NA
122.85666,0,0,2.95763,8.88784,-0.00109,0.06388,-0.0055,212,0.10173,0.00396,122.85666,0.01194,4.6,134.74772,0.01065,0.08825,0.04913,0.02636,11,NA
122.85666,0,0,2.94587,8.90117,-0.00109,0.06214,-0.00539,213,0.10173,0.00396,122.85666,0.01194,4.6,134.74772,0.01065,0.08825,0.04913,0.02636,11,NA
122.85666,0,0,2.93417,8.91442,-0.00109,0.06044,-0.00527,214,0.10173,0.00396,122.85666,0.01194,4.6,134.74772,0.01065,0.08825,0.04913,0.02636,11,NA
122.85666,0,0,2.9225,8.92757,-0.00109,0.05878,-0.00516,215,0.10173,0.00396,122.85666,0.01194,4.6,134.74772,0.01065,0.08825,0.04913,0.02636,11,NA
122.85666,0,0,2.91089,8.94064,-0.00108,0.05718,-0.00505,216,0.10173,0.00396,122.85666,0.01194,4.6,134.74772,0.01065,0.08825,0.04913,0.02636,11,NA
122.85666,0,0,2.89932,8.95362,-0.00108,0.05561,-0.00494,217,0.10173,0.00396,122.85666,0.01194,4.6,134.74772,0.01065,0.08825,0.04913,0.02636,11,NA
122.85666,0,0,2.8878,8.96651,-0.00107,0.05409,-0.00484,218,0.10173,0.00396,122.85666,0.01194,4.6,134.74772,0.01065,0.08825,0.04913,0.02636,11,NA
122.85666,0,0,2.87632,8.97931,-0.00107,0.05261,-0.00473,219,0.10173,0.00396,122.85666,0.01194,4.6,134.74772,0.01065,0.08825,0.04913,0.02636,11,NA
122.85666,0,0,2.86489,8.99203,-0.00106,0.05116,-0.00463,220,0.10173,0.00396,122.85666,0.01194,4.6,134.74772,0.01065,0.08825,0.04913,0.02636,11,NA
122.85666,0,0,2.8535,9.00467,-0.00106,0.04976,-0.00454,221,0.10173,0.00396,122.85666,0.01194,4.6,134.74772,0.01065,0.08825,0.04913,0.02636,11,NA
122.85666,0,0,2.84216,9.01723,-0.00105,0.0484,-0.00444,222,0.10173,0.00396,122.85666,0.01194,4.6,134.74772,0.01065,0.08825,0.04913,0.02636,11,NA
122.85666,0,0,2.83087,9.0297,-0.00104,0.04707,-0.00434,223,0.10173,0.00396,122.85666,0.01194,4.6,134.74772,0.01065,0.08825,0.04913,0.02636,11,NA
122.85666,0,0,2.81961,9.0421,-0.00103,0.04578,-0.00425,224,0.10173,0.00396,122.85666,0.01194,4.6,134.74772,0.01065,0.08825,0.04913,0.02636,11,NA
122.85666,0,0,2.80841,9.05442,-0.00102,0.04452,-0.00416,225,0.10173,0.00396,122.85666,0.01194,4.6,134.74772,0.01065,0.08825,0.04913,0.02636,11,NA
122.85666,0,0,2.79725,9.06666,-0.00101,0.0433,-0.00407,226,0.10173,0.00396,122.85666,0.01194,4.6,134.74772,0.01065,0.08825,0.04913,0.02636,11,NA
122.85666,0,0,2.78613,9.07882,-0.001,0.04211,-0.00399,227,0.10173,0.00396,122.85666,0.01194,4.6,134.74772,0.01065,0.08825,0.04913,0.02636,11,NA
122.85666,0,0,2.77506,9.09091,-0.00099,0.04096,-0.0039,228,0.10173,0.00396,122.85666,0.01194,4.6,134.74772,0.01065,0.08825,0.04913,0.02636,11,NA
122.85666,0,0,2.76403,9.10292,-0.00098,0.03983,-0.00382,229,0.10173,0.00396,122.85666,0.01194,4.6,134.74772,0.01065,0.08825,0.04913,0.02636,11,NA
122.85666,0,0,2.75305,9.11486,-0.00097,0.03874,-0.00374,230,0.10173,0.00396,122.85666,0.01194,4.6,134.74772,0.01065,0.08825,0.04913,0.02636,11,NA
122.85666,0,0,2.74211,9.12673,-0.00096,0.03767,-0.00366,231,0.10173,0.00396,122.85666,0.01194,4.6,134.74772,0.01065,0.08825,0.04913,0.02636,11,NA
122.85666,0,0,2.73122,9.13853,-0.00094,0.03664,-0.00358,232,0.10173,0.00396,122.85666,0.01194,4.6,134.74772,0.01065,0.08825,0.04913,0.02636,11,NA
122.85666,0,0,2.72036,9.15026,-0.00093,0.03563,-0.0035,233,0.10173,0.00396,122.85666,0.01194,4.6,134.74772,0.01065,0.08825,0.04913,0.02636,11,NA
122.85666,0,0,2.70956,9.16192,-0.00092,0.03465,-0.00343,234,0.10173,0.00396,122.85666,0.01194,4.6,134.74772,0.01065,0.08825,0.04913,0.02636,11,NA
122.85666,0,0,2.69879,9.17351,-0.00091,0.0337,-0.00336,235,0.10173,0.00396,122.85666,0.01194,4.6,134.74772,0.01065,0.08825,0.04913,0.02636,11,NA
122.85666,0,0,2.68807,9.18503,-9e-04,0.03277,-0.00328,236,0.10173,0.00396,122.85666,0.01194,4.6,134.74772,0.01065,0.08825,0.04913,0.02636,11,NA
122.85666,0,0,2.67739,9.19649,-0.00088,0.03187,-0.00321,237,0.10173,0.00396,122.85666,0.01194,4.6,134.74772,0.01065,0.08825,0.04913,0.02636,11,NA
122.85666,0,0,2.66676,9.20788,-0.00087,0.03099,-0.00315,238,0.10173,0.00396,122.85666,0.01194,4.6,134.74772,0.01065,0.08825,0.04913,0.02636,11,NA
122.85666,0,0,2.65616,9.2192,-0.00086,0.03013,-0.00308,239,0.10173,0.00396,122.85666,0.01194,4.6,134.74772,0.01065,0.08825,0.04913,0.02636,11,NA
122.85666,0,0,2.64561,9.23046,-0.00084,0.0293,-0.00301,240,0.10173,0.00396,122.85666,0.01194,4.6,134.74772,0.01065,0.08825,0.04913,0.02636,11,NA
122.85666,0,0,2.63511,9.24166,-0.00083,0.0285,-0.00295,241,0.10173,0.00396,122.85666,0.01194,4.6,134.74772,0.01065,0.08825,0.04913,0.02636,11,NA
122.85666,0,0,2.62464,9.2528,-0.00082,0.02771,-0.00289,242,0.10173,0.00396,122.85666,0.01194,4.6,134.74772,0.01065,0.08825,0.04913,0.02636,11,NA
122.85666,0,0,2.61422,9.26387,-0.00081,0.02695,-0.00282,243,0.10173,0.00396,122.85666,0.01194,4.6,134.74772,0.01065,0.08825,0.04913,0.02636,11,NA
122.85666,0,0,2.60383,9.27488,-0.00079,0.0262,-0.00276,244,0.10173,0.00396,122.85666,0.01194,4.6,134.74772,0.01065,0.08825,0.04913,0.02636,11,NA
122.85666,0,0,2.59349,9.28583,-0.00078,0.02548,-0.00271,245,0.10173,0.00396,122.85666,0.01194,4.6,134.74772,0.01065,0.08825,0.04913,0.02636,11,NA
122.85666,0,0,2.5832,9.29672,-0.00077,0.02478,-0.00265,246,0.10173,0.00396,122.85666,0.01194,4.6,134.74772,0.01065,0.08825,0.04913,0.02636,11,NA
122.85666,0,0,2.57294,9.30755,-0.00076,0.02409,-0.00259,247,0.10173,0.00396,122.85666,0.01194,4.6,134.74772,0.01065,0.08825,0.04913,0.02636,11,NA
122.85666,0,0,2.56272,9.31833,-0.00074,0.02343,-0.00254,248,0.10173,0.00396,122.85666,0.01194,4.6,134.74772,0.01065,0.08825,0.04913,0.02636,11,NA
122.85666,0,0,2.55255,9.32904,-0.00073,0.02278,-0.00248,249,0.10173,0.00396,122.85666,0.01194,4.6,134.74772,0.01065,0.08825,0.04913,0.02636,11,NA
122.85666,0,0,2.54241,9.3397,-0.00072,0.02215,-0.00243,250,0.10173,0.00396,122.85666,0.01194,4.6,134.74772,0.01065,0.08825,0.04913,0.02636,11,NA
122.85666,0,0,2.53232,9.3503,-0.00071,0.02154,-0.00238,251,0.10173,0.00396,122.85666,0.01194,4.6,134.74772,0.01065,0.08825,0.04913,0.02636,11,NA
122.85666,0,0,2.52227,9.36085,-0.00069,0.02094,-0.00233,252,0.10173,0.00396,122.85666,0.01194,4.6,134.74772,0.01065,0.08825,0.04913,0.02636,11,NA
122.85666,0,0,2.51225,9.37134,-0.00068,0.02036,-0.00228,253,0.10173,0.00396,122.85666,0.01194,4.6,134.74772,0.01065,0.08825,0.04913,0.02636,11,NA
122.85666,0,0,2.50228,9.38178,-0.00067,0.0198,-0.00223,254,0.10173,0.00396,122.85666,0.01194,4.6,134.74772,0.01065,0.08825,0.04913,0.02636,11,NA
122.85666,0,0,2.49235,9.39216,-0.00066,0.01925,-0.00218,255,0.10173,0.00396,122.85666,0.01194,4.6,134.74772,0.01065,0.08825,0.04913,0.02636,11,NA
122.85666,0,0,2.48246,9.40249,-0.00065,0.01872,-0.00214,256,0.10173,0.00396,122.85666,0.01194,4.6,134.74772,0.01065,0.08825,0.04913,0.02636,11,NA
122.85666,0,0,2.4726,9.41276,-0.00063,0.0182,-0.00209,257,0.10173,0.00396,122.85666,0.01194,4.6,134.74772,0.01065,0.08825,0.04913,0.02636,11,NA
122.85666,0,0,2.46279,9.42299,-0.00062,0.01769,-0.00205,258,0.10173,0.00396,122.85666,0.01194,4.6,134.74772,0.01065,0.08825,0.04913,0.02636,11,NA
122.85666,0,0,2.45302,9.43316,-0.00061,0.0172,-0.002,259,0.10173,0.00396,122.85666,0.01194,4.6,134.74772,0.01065,0.08825,0.04913,0.02636,11,NA
122.85666,0,0,2.44328,9.44328,-6e-04,0.01673,-0.00196,260,0.10173,0.00396,122.85666,0.01194,4.6,134.74772,0.01065,0.08825,0.04913,0.02636,11,NA
122.85666,0,0,2.43359,9.45335,-0.00059,0.01626,-0.00192,261,0.10173,0.00396,122.85666,0.01194,4.6,134.74772,0.01065,0.08825,0.04913,0.02636,11,NA
122.85666,0,0,2.42393,9.46336,-0.00058,0.01581,-0.00188,262,0.10173,0.00396,122.85666,0.01194,4.6,134.74772,0.01065,0.08825,0.04913,0.02636,11,NA
122.85666,0,0,2.41431,9.47333,-0.00057,0.01537,-0.00184,263,0.10173,0.00396,122.85666,0.01194,4.6,134.74772,0.01065,0.08825,0.04913,0.02636,11,NA
122.85666,0,0,2.40473,9.48325,-0.00056,0.01494,-0.0018,264,0.10173,0.00396,122.85666,0.01194,4.6,134.74772,0.01065,0.08825,0.04913,0.02636,11,NA
122.85666,0,0,2.39519,9.49312,-0.00055,0.01453,-0.00176,265,0.10173,0.00396,122.85666,0.01194,4.6,134.74772,0.01065,0.08825,0.04913,0.02636,11,NA
122.85666,0,0,2.38569,9.50294,-0.00054,0.01412,-0.00172,266,0.10173,0.00396,122.85666,0.01194,4.6,134.74772,0.01065,0.08825,0.04913,0.02636,11,NA
122.85666,0,0,2.37622,9.51271,-0.00053,0.01373,-0.00169,267,0.10173,0.00396,122.85666,0.01194,4.6,134.74772,0.01065,0.08825,0.04913,0.02636,11,NA
122.85666,0,0,2.3668,9.52244,-0.00052,0.01335,-0.00165,268,0.10173,0.00396,122.85666,0.01194,4.6,134.74772,0.01065,0.08825,0.04913,0.02636,11,NA
122.85666,0,0,2.35741,9.53212,-0.00051,0.01298,-0.00161,269,0.10173,0.00396,122.85666,0.01194,4.6,134.74772,0.01065,0.08825,0.04913,0.02636,11,NA
122.85666,0,0,2.34806,9.54175,-5e-04,0.01262,-0.00158,270,0.10173,0.00396,122.85666,0.01194,4.6,134.74772,0.01065,0.08825,0.04913,0.02636,11,NA
122.85666,0,0,2.33874,9.55133,-0.00049,0.01227,-0.00155,271,0.10173,0.00396,122.85666,0.01194,4.6,134.74772,0.01065,0.08825,0.04913,0.02636,11,NA
122.85666,0,0,2.32947,9.56087,-0.00048,0.01192,-0.00151,272,0.10173,0.00396,122.85666,0.01194,4.6,134.74772,0.01065,0.08825,0.04913,0.02636,11,NA
122.85666,0,0,2.32023,9.57037,-0.00047,0.01159,-0.00148,273,0.10173,0.00396,122.85666,0.01194,4.6,134.74772,0.01065,0.08825,0.04913,0.02636,11,NA
122.85666,0,0,2.31103,9.57982,-0.00046,0.01127,-0.00145,274,0.10173,0.00396,122.85666,0.01194,4.6,134.74772,0.01065,0.08825,0.04913,0.02636,11,NA
122.85666,0,0,2.30186,9.58922,-0.00045,0.01095,-0.00142,275,0.10173,0.00396,122.85666,0.01194,4.6,134.74772,0.01065,0.08825,0.04913,0.02636,11,NA
122.85666,0,0,2.29273,9.59858,-0.00044,0.01065,-0.00139,276,0.10173,0.00396,122.85666,0.01194,4.6,134.74772,0.01065,0.08825,0.04913,0.02636,11,NA
122.85666,0,0,2.28364,9.60789,-0.00043,0.01035,-0.00136,277,0.10173,0.00396,122.85666,0.01194,4.6,134.74772,0.01065,0.08825,0.04913,0.02636,11,NA
122.85666,0,0,2.27458,9.61716,-0.00042,0.01006,-0.00133,278,0.10173,0.00396,122.85666,0.01194,4.6,134.74772,0.01065,0.08825,0.04913,0.02636,11,NA
122.85666,0,0,2.26556,9.62639,-0.00042,0.00978,-0.0013,279,0.10173,0.00396,122.85666,0.01194,4.6,134.74772,0.01065,0.08825,0.04913,0.02636,11,NA
122.85666,0,0,2.25658,9.63558,-0.00041,0.00951,-0.00127,280,0.10173,0.00396,122.85666,0.01194,4.6,134.74772,0.01065,0.08825,0.04913,0.02636,11,NA
122.85666,0,0,2.24763,9.64472,-4e-04,0.00924,-0.00125,281,0.10173,0.00396,122.85666,0.01194,4.6,134.74772,0.01065,0.08825,0.04913,0.02636,11,NA
122.85666,0,0,2.23872,9.65382,-0.00039,0.00898,-0.00122,282,0.10173,0.00396,122.85666,0.01194,4.6,134.74772,0.01065,0.08825,0.04913,0.02636,11,NA
122.85666,0,0,2.22985,9.66288,-0.00038,0.00873,-0.00119,283,0.10173,0.00396,122.85666,0.01194,4.6,134.74772,0.01065,0.08825,0.04913,0.02636,11,NA
122.85666,0,0,2.22101,9.6719,-0.00038,0.00849,-0.00117,284,0.10173,0.00396,122.85666,0.01194,4.6,134.74772,0.01065,0.08825,0.04913,0.02636,11,NA
122.85666,0,0,2.2122,9.68087,-0.00037,0.00825,-0.00114,285,0.10173,0.00396,122.85666,0.01194,4.6,134.74772,0.01065,0.08825,0.04913,0.02636,11,NA
122.85666,0,0,2.20343,9.68981,-0.00036,0.00802,-0.00112,286,0.10173,0.00396,122.85666,0.01194,4.6,134.74772,0.01065,0.08825,0.04913,0.02636,11,NA
122.85666,0,0,2.1947,9.6987,-0.00035,0.00779,-0.0011,287,0.10173,0.00396,122.85666,0.01194,4.6,134.74772,0.01065,0.08825,0.04913,0.02636,11,NA
122.85666,0,0,2.186,9.70755,-0.00035,0.00758,-0.00107,288,0.10173,0.00396,122.85666,0.01194,4.6,134.74772,0.01065,0.08825,0.04913,0.02636,11,NA
122.85666,0,0,2.17733,9.71637,-0.00034,0.00736,-0.00105,289,0.10173,0.00396,122.85666,0.01194,4.6,134.74772,0.01065,0.08825,0.04913,0.02636,11,NA
122.85666,0,0,2.1687,9.72514,-0.00033,0.00716,-0.00103,290,0.10173,0.00396,122.85666,0.01194,4.6,134.74772,0.01065,0.08825,0.04913,0.02636,11,NA
122.85666,0,0,2.1601,9.73388,-0.00033,0.00696,-0.00101,291,0.10173,0.00396,122.85666,0.01194,4.6,134.74772,0.01065,0.08825,0.04913,0.02636,11,NA
122.85666,0,0,2.15154,9.74257,-0.00032,0.00676,-0.00098,292,0.10173,0.00396,122.85666,0.01194,4.6,134.74772,0.01065,0.08825,0.04913,0.02636,11,NA
122.85666,0,0,2.14301,9.75123,-0.00031,0.00657,-0.00096,293,0.10173,0.00396,122.85666,0.01194,4.6,134.74772,0.01065,0.08825,0.04913,0.02636,11,NA
122.85666,0,0,2.13452,9.75985,-0.00031,0.00639,-0.00094,294,0.10173,0.00396,122.85666,0.01194,4.6,134.74772,0.01065,0.08825,0.04913,0.02636,11,NA
122.85666,0,0,2.12606,9.76842,-3e-04,0.00621,-0.00092,295,0.10173,0.00396,122.85666,0.01194,4.6,134.74772,0.01065,0.08825,0.04913,0.02636,11,NA
122.85666,0,0,2.11764,9.77697,-0.00029,0.00603,-9e-04,296,0.10173,0.00396,122.85666,0.01194,4.6,134.74772,0.01065,0.08825,0.04913,0.02636,11,NA
122.85666,0,0,2.10924,9.78547,-0.00029,0.00586,-0.00088,297,0.10173,0.00396,122.85666,0.01194,4.6,134.74772,0.01065,0.08825,0.04913,0.02636,11,NA
122.85666,0,0,2.10088,9.79394,-0.00028,0.0057,-0.00086,298,0.10173,0.00396,122.85666,0.01194,4.6,134.74772,0.01065,0.08825,0.04913,0.02636,11,NA
122.85666,0,0,2.09256,9.80236,-0.00028,0.00554,-0.00085,299,0.10173,0.00396,122.85666,0.01194,4.6,134.74772,0.01065,0.08825,0.04913,0.02636,11,NA
122.85666,0,0,2.08427,9.81076,-0.00027,0.00538,-0.00083,300,0.10173,0.00396,122.85666,0.01194,4.6,134.74772,0.01065,0.08825,0.04913,0.02636,11,NA
122.85666,0,0,2.07601,9.81911,-0.00027,0.00523,-0.00081,301,0.10173,0.00396,122.85666,0.01194,4.6,134.74772,0.01065,0.08825,0.04913,0.02636,11,NA
122.85666,0,0,2.06778,9.82743,-0.00026,0.00508,-0.00079,302,0.10173,0.00396,122.85666,0.01194,4.6,134.74772,0.01065,0.08825,0.04913,0.02636,11,NA
122.85666,0,0,2.05959,9.83571,-0.00025,0.00494,-0.00078,303,0.10173,0.00396,122.85666,0.01194,4.6,134.74772,0.01065,0.08825,0.04913,0.02636,11,NA
122.85666,0,0,2.05143,9.84396,-0.00025,0.0048,-0.00076,304,0.10173,0.00396,122.85666,0.01194,4.6,134.74772,0.01065,0.08825,0.04913,0.02636,11,NA
122.85666,0,0,2.0433,9.85217,-0.00024,0.00466,-0.00074,305,0.10173,0.00396,122.85666,0.01194,4.6,134.74772,0.01065,0.08825,0.04913,0.02636,11,NA
122.85666,0,0,2.0352,9.86034,-0.00024,0.00453,-0.00073,306,0.10173,0.00396,122.85666,0.01194,4.6,134.74772,0.01065,0.08825,0.04913,0.02636,11,NA
122.85666,0,0,2.02714,9.86848,-0.00023,0.0044,-0.00071,307,0.10173,0.00396,122.85666,0.01194,4.6,134.74772,0.01065,0.08825,0.04913,0.02636,11,NA
122.85666,0,0,2.01911,9.87658,-0.00023,0.00428,-7e-04,308,0.10173,0.00396,122.85666,0.01194,4.6,134.74772,0.01065,0.08825,0.04913,0.02636,11,NA
122.85666,0,0,2.01111,9.88465,-0.00022,0.00416,-0.00068,309,0.10173,0.00396,122.85666,0.01194,4.6,134.74772,0.01065,0.08825,0.04913,0.02636,11,NA
122.85666,0,0,2.00314,9.89269,-0.00022,0.00404,-0.00067,310,0.10173,0.00396,122.85666,0.01194,4.6,134.74772,0.01065,0.08825,0.04913,0.02636,11,NA
122.85666,0,0,1.99521,9.90069,-0.00022,0.00393,-0.00065,311,0.10173,0.00396,122.85666,0.01194,4.6,134.74772,0.01065,0.08825,0.04913,0.02636,11,NA
122.85666,0,0,1.9873,9.90865,-0.00021,0.00381,-0.00064,312,0.10173,0.00396,122.85666,0.01194,4.6,134.74772,0.01065,0.08825,0.04913,0.02636,11,NA
122.85666,0,0,1.97943,9.91659,-0.00021,0.00371,-0.00063,313,0.10173,0.00396,122.85666,0.01194,4.6,134.74772,0.01065,0.08825,0.04913,0.02636,11,NA
122.85666,0,0,1.97159,9.92448,-2e-04,0.0036,-0.00061,314,0.10173,0.00396,122.85666,0.01194,4.6,134.74772,0.01065,0.08825,0.04913,0.02636,11,NA
122.85666,0,0,1.96378,9.93235,-2e-04,0.0035,-6e-04,315,0.10173,0.00396,122.85666,0.01194,4.6,134.74772,0.01065,0.08825,0.04913,0.02636,11,NA
122.85666,0,0,1.956,9.94018,-0.00019,0.0034,-0.00059,316,0.10173,0.00396,122.85666,0.01194,4.6,134.74772,0.01065,0.08825,0.04913,0.02636,11,NA
122.85666,0,0,1.94825,9.94797,-0.00019,0.0033,-0.00057,317,0.10173,0.00396,122.85666,0.01194,4.6,134.74772,0.01065,0.08825,0.04913,0.02636,11,NA
122.85666,0,0,1.94054,9.95574,-0.00019,0.00321,-0.00056,318,0.10173,0.00396,122.85666,0.01194,4.6,134.74772,0.01065,0.08825,0.04913,0.02636,11,NA
122.85666,0,0,1.93285,9.96347,-0.00018,0.00312,-0.00055,319,0.10173,0.00396,122.85666,0.01194,4.6,134.74772,0.01065,0.08825,0.04913,0.02636,11,NA
122.85666,0,0,1.92519,9.97117,-0.00018,0.00303,-0.00054,320,0.10173,0.00396,122.85666,0.01194,4.6,134.74772,0.01065,0.08825,0.04913,0.02636,11,NA
122.85666,0,0,1.91757,9.97883,-0.00017,0.00294,-0.00053,321,0.10173,0.00396,122.85666,0.01194,4.6,134.74772,0.01065,0.08825,0.04913,0.02636,11,NA
122.85666,0,0,1.90998,9.98647,-0.00017,0.00286,-0.00052,322,0.10173,0.00396,122.85666,0.01194,4.6,134.74772,0.01065,0.08825,0.04913,0.02636,11,NA
122.85666,0,0,1.90241,9.99407,-0.00017,0.00278,-5e-04,323,0.10173,0.00396,122.85666,0.01194,4.6,134.74772,0.01065,0.08825,0.04913,0.02636,11,NA
122.85666,0,0,1.89488,10.00164,-0.00016,0.0027,-0.00049,324,0.10173,0.00396,122.85666,0.01194,4.6,134.74772,0.01065,0.08825,0.04913,0.02636,11,NA
122.85666,0,0,1.88737,10.00918,-0.00016,0.00262,-0.00048,325,0.10173,0.00396,122.85666,0.01194,4.6,134.74772,0.01065,0.08825,0.04913,0.02636,11,NA
122.85666,0,0,1.8799,10.01668,-0.00016,0.00255,-0.00047,326,0.10173,0.00396,122.85666,0.01194,4.6,134.74772,0.01065,0.08825,0.04913,0.02636,11,NA
122.85666,0,0,1.87245,10.02416,-0.00015,0.00247,-0.00046,327,0.10173,0.00396,122.85666,0.01194,4.6,134.74772,0.01065,0.08825,0.04913,0.02636,11,NA
122.85666,0,0,1.86504,10.0316,-0.00015,0.0024,-0.00045,328,0.10173,0.00396,122.85666,0.01194,4.6,134.74772,0.01065,0.08825,0.04913,0.02636,11,NA
122.85666,0,0,1.85765,10.03901,-0.00015,0.00233,-0.00044,329,0.10173,0.00396,122.85666,0.01194,4.6,134.74772,0.01065,0.08825,0.04913,0.02636,11,NA
122.85666,0,0,1.85029,10.0464,-0.00014,0.00227,-0.00043,330,0.10173,0.00396,122.85666,0.01194,4.6,134.74772,0.01065,0.08825,0.04913,0.02636,11,NA
122.85666,0,0,1.84297,10.05375,-0.00014,0.0022,-0.00043,331,0.10173,0.00396,122.85666,0.01194,4.6,134.74772,0.01065,0.08825,0.04913,0.02636,11,NA
122.85666,0,0,1.83567,10.06107,-0.00014,0.00214,-0.00042,332,0.10173,0.00396,122.85666,0.01194,4.6,134.74772,0.01065,0.08825,0.04913,0.02636,11,NA
122.85666,0,0,1.8284,10.06836,-0.00014,0.00208,-0.00041,333,0.10173,0.00396,122.85666,0.01194,4.6,134.74772,0.01065,0.08825,0.04913,0.02636,11,NA
122.85666,0,0,1.82116,10.07562,-0.00013,0.00202,-4e-04,334,0.10173,0.00396,122.85666,0.01194,4.6,134.74772,0.01065,0.08825,0.04913,0.02636,11,NA
122.85666,0,0,1.81395,10.08285,-0.00013,0.00196,-0.00039,335,0.10173,0.00396,122.85666,0.01194,4.6,134.74772,0.01065,0.08825,0.04913,0.02636,11,NA
122.85666,0,0,1.80677,10.09005,-0.00013,0.0019,-0.00038,336,0.10173,0.00396,122.85666,0.01194,4.6,134.74772,0.01065,0.08825,0.04913,0.02636,11,NA
122.85666,0,0,1.79961,10.09722,-0.00012,0.00185,-0.00037,337,0.10173,0.00396,122.85666,0.01194,4.6,134.74772,0.01065,0.08825,0.04913,0.02636,11,NA
122.85666,0,0,1.79249,10.10436,-0.00012,0.0018,-0.00037,338,0.10173,0.00396,122.85666,0.01194,4.6,134.74772,0.01065,0.08825,0.04913,0.02636,11,NA
122.85666,0,0,1.78539,10.11147,-0.00012,0.00174,-0.00036,339,0.10173,0.00396,122.85666,0.01194,4.6,134.74772,0.01065,0.08825,0.04913,0.02636,11,NA
122.85666,0,0,1.77832,10.11855,-0.00012,0.00169,-0.00035,340,0.10173,0.00396,122.85666,0.01194,4.6,134.74772,0.01065,0.08825,0.04913,0.02636,11,NA
122.85666,0,0,1.77128,10.1256,-0.00011,0.00164,-0.00034,341,0.10173,0.00396,122.85666,0.01194,4.6,134.74772,0.01065,0.08825,0.04913,0.02636,11,NA
122.85666,0,0,1.76427,10.13262,-0.00011,0.0016,-0.00034,342,0.10173,0.00396,122.85666,0.01194,4.6,134.74772,0.01065,0.08825,0.04913,0.02636,11,NA
122.85666,0,0,1.75728,10.13962,-0.00011,0.00155,-0.00033,343,0.10173,0.00396,122.85666,0.01194,4.6,134.74772,0.01065,0.08825,0.04913,0.02636,11,NA
122.85666,0,0,1.75032,10.14658,-0.00011,0.00151,-0.00032,344,0.10173,0.00396,122.85666,0.01194,4.6,134.74772,0.01065,0.08825,0.04913,0.02636,11,NA
122.85666,0,0,1.74339,10.15352,-1e-04,0.00146,-0.00031,345,0.10173,0.00396,122.85666,0.01194,4.6,134.74772,0.01065,0.08825,0.04913,0.02636,11,NA
122.85666,0,0,1.73649,10.16043,-1e-04,0.00142,-0.00031,346,0.10173,0.00396,122.85666,0.01194,4.6,134.74772,0.01065,0.08825,0.04913,0.02636,11,NA
122.85666,0,0,1.72962,10.16731,-1e-04,0.00138,-3e-04,347,0.10173,0.00396,122.85666,0.01194,4.6,134.74772,0.01065,0.08825,0.04913,0.02636,11,NA
122.85666,0,0,1.72277,10.17416,-1e-04,0.00134,-0.00029,348,0.10173,0.00396,122.85666,0.01194,4.6,134.74772,0.01065,0.08825,0.04913,0.02636,11,NA
122.85666,0,0,1.71595,10.18098,-1e-04,0.0013,-0.00029,349,0.10173,0.00396,122.85666,0.01194,4.6,134.74772,0.01065,0.08825,0.04913,0.02636,11,NA
122.85666,0,0,1.70915,10.18778,-9e-05,0.00126,-0.00028,350,0.10173,0.00396,122.85666,0.01194,4.6,134.74772,0.01065,0.08825,0.04913,0.02636,11,NA
122.85666,0,0,1.70239,10.19455,-9e-05,0.00123,-0.00028,351,0.10173,0.00396,122.85666,0.01194,4.6,134.74772,0.01065,0.08825,0.04913,0.02636,11,NA
122.85666,0,0,1.69565,10.20129,-9e-05,0.00119,-0.00027,352,0.10173,0.00396,122.85666,0.01194,4.6,134.74772,0.01065,0.08825,0.04913,0.02636,11,NA
122.85666,0,0,1.68894,10.208,-9e-05,0.00116,-0.00026,353,0.10173,0.00396,122.85666,0.01194,4.6,134.74772,0.01065,0.08825,0.04913,0.02636,11,NA
122.85666,0,0,1.68225,10.21469,-9e-05,0.00112,-0.00026,354,0.10173,0.00396,122.85666,0.01194,4.6,134.74772,0.01065,0.08825,0.04913,0.02636,11,NA
122.85666,0,0,1.67559,10.22135,-8e-05,0.00109,-0.00025,355,0.10173,0.00396,122.85666,0.01194,4.6,134.74772,0.01065,0.08825,0.04913,0.02636,11,NA
122.85666,0,0,1.66896,10.22798,-8e-05,0.00106,-0.00025,356,0.10173,0.00396,122.85666,0.01194,4.6,134.74772,0.01065,0.08825,0.04913,0.02636,11,NA
122.85666,0,0,1.66235,10.23458,-8e-05,0.00103,-0.00024,357,0.10173,0.00396,122.85666,0.01194,4.6,134.74772,0.01065,0.08825,0.04913,0.02636,11,NA
122.85666,0,0,1.65577,10.24116,-8e-05,0.001,-0.00024,358,0.10173,0.00396,122.85666,0.01194,4.6,134.74772,0.01065,0.08825,0.04913,0.02636,11,NA
122.85666,0,0,1.64922,10.24771,-8e-05,0.00097,-0.00023,359,0.10173,0.00396,122.85666,0.01194,4.6,134.74772,0.01065,0.08825,0.04913,0.02636,11,NA
122.85666,0,0,1.64269,10.25423,-8e-05,0.00094,-0.00023,360,0.10173,0.00396,122.85666,0.01194,4.6,134.74772,0.01065,0.08825,0.04913,0.02636,11,NA
122.85666,0,0,1.63619,10.26073,-7e-05,0.00091,-0.00022,361,0.10173,0.00396,122.85666,0.01194,4.6,134.74772,0.01065,0.08825,0.04913,0.02636,11,NA
122.85666,0,0,1.62971,10.2672,-7e-05,0.00089,-0.00022,362,0.10173,0.00396,122.85666,0.01194,4.6,134.74772,0.01065,0.08825,0.04913,0.02636,11,NA
122.85666,0,0,1.62326,10.27365,-7e-05,0.00086,-0.00021,363,0.10173,0.00396,122.85666,0.01194,4.6,134.74772,0.01065,0.08825,0.04913,0.02636,11,NA
122.85666,0,0,1.61683,10.28007,-7e-05,0.00083,-0.00021,364,0.10173,0.00396,122.85666,0.01194,4.6,134.74772,0.01065,0.08825,0.04913,0.02636,11,NA
122.85666,0,0,1.61043,10.28646,-7e-05,0.00081,-2e-04,365,0.10173,0.00396,122.85666,0.01194,4.6,134.74772,0.01065,0.08825,0.04913,0.02636,11,NA
122.85666,0,0,1.60406,10.29283,-7e-05,0.00079,-2e-04,366,0.10173,0.00396,122.85666,0.01194,4.6,134.74772,0.01065,0.08825,0.04913,0.02636,11,NA
122.85666,0,0,1.59771,10.29917,-7e-05,0.00076,-2e-04,367,0.10173,0.00396,122.85666,0.01194,4.6,134.74772,0.01065,0.08825,0.04913,0.02636,11,NA
122.85666,0,0,1.59138,10.30549,-6e-05,0.00074,-0.00019,368,0.10173,0.00396,122.85666,0.01194,4.6,134.74772,0.01065,0.08825,0.04913,0.02636,11,NA
122.85666,0,0,1.58509,10.31178,-6e-05,0.00072,-0.00019,369,0.10173,0.00396,122.85666,0.01194,4.6,134.74772,0.01065,0.08825,0.04913,0.02636,11,NA
122.85666,0,0,1.57881,10.31804,-6e-05,7e-04,-0.00018,370,0.10173,0.00396,122.85666,0.01194,4.6,134.74772,0.01065,0.08825,0.04913,0.02636,11,NA
122.85666,0,0,1.57256,10.32428,-6e-05,0.00068,-0.00018,371,0.10173,0.00396,122.85666,0.01194,4.6,134.74772,0.01065,0.08825,0.04913,0.02636,11,NA
122.85666,0,0,1.56634,10.3305,-6e-05,0.00066,-0.00018,372,0.10173,0.00396,122.85666,0.01194,4.6,134.74772,0.01065,0.08825,0.04913,0.02636,11,NA
122.85666,0,0,1.56014,10.33668,-6e-05,0.00064,-0.00017,373,0.10173,0.00396,122.85666,0.01194,4.6,134.74772,0.01065,0.08825,0.04913,0.02636,11,NA
122.85666,0,0,1.55396,10.34285,-6e-05,0.00062,-0.00017,374,0.10173,0.00396,122.85666,0.01194,4.6,134.74772,0.01065,0.08825,0.04913,0.02636,11,NA
122.85666,0,0,1.54781,10.34899,-6e-05,6e-04,-0.00016,375,0.10173,0.00396,122.85666,0.01194,4.6,134.74772,0.01065,0.08825,0.04913,0.02636,11,NA
122.85666,0,0,1.54169,10.3551,-5e-05,0.00058,-0.00016,376,0.10173,0.00396,122.85666,0.01194,4.6,134.74772,0.01065,0.08825,0.04913,0.02636,11,NA
122.85666,0,0,1.53559,10.36119,-5e-05,0.00057,-0.00016,377,0.10173,0.00396,122.85666,0.01194,4.6,134.74772,0.01065,0.08825,0.04913,0.02636,11,NA
122.85666,0,0,1.52951,10.36726,-5e-05,0.00055,-0.00015,378,0.10173,0.00396,122.85666,0.01194,4.6,134.74772,0.01065,0.08825,0.04913,0.02636,11,NA
122.85666,0,0,1.52345,10.3733,-5e-05,0.00053,-0.00015,379,0.10173,0.00396,122.85666,0.01194,4.6,134.74772,0.01065,0.08825,0.04913,0.02636,11,NA
122.85666,0,0,1.51742,10.37932,-5e-05,0.00052,-0.00015,380,0.10173,0.00396,122.85666,0.01194,4.6,134.74772,0.01065,0.08825,0.04913,0.02636,11,NA
122.85666,0,0,1.51142,10.38531,-5e-05,5e-04,-0.00014,381,0.10173,0.00396,122.85666,0.01194,4.6,134.74772,0.01065,0.08825,0.04913,0.02636,11,NA
122.85666,0,0,1.50544,10.39128,-5e-05,0.00049,-0.00014,382,0.10173,0.00396,122.85666,0.01194,4.6,134.74772,0.01065,0.08825,0.04913,0.02636,11,NA
122.85666,0,0,1.49948,10.39723,-5e-05,0.00047,-0.00014,383,0.10173,0.00396,122.85666,0.01194,4.6,134.74772,0.01065,0.08825,0.04913,0.02636,11,NA
122.85666,0,0,1.49354,10.40315,-5e-05,0.00046,-0.00014,384,0.10173,0.00396,122.85666,0.01194,4.6,134.74772,0.01065,0.08825,0.04913,0.02636,11,NA
122.85666,0,0,1.48763,10.40904,-4e-05,0.00044,-0.00013,385,0.10173,0.00396,122.85666,0.01194,4.6,134.74772,0.01065,0.08825,0.04913,0.02636,11,NA
122.85666,0,0,1.48175,10.41492,-4e-05,0.00043,-0.00013,386,0.10173,0.00396,122.85666,0.01194,4.6,134.74772,0.01065,0.08825,0.04913,0.02636,11,NA
122.85666,0,0,1.47588,10.42077,-4e-05,0.00042,-0.00013,387,0.10173,0.00396,122.85666,0.01194,4.6,134.74772,0.01065,0.08825,0.04913,0.02636,11,NA
122.85666,0,0,1.47004,10.4266,-4e-05,0.00041,-0.00012,388,0.10173,0.00396,122.85666,0.01194,4.6,134.74772,0.01065,0.08825,0.04913,0.02636,11,NA
122.85666,0,0,1.46422,10.4324,-4e-05,0.00039,-0.00012,389,0.10173,0.00396,122.85666,0.01194,4.6,134.74772,0.01065,0.08825,0.04913,0.02636,11,NA
122.85666,0,0,1.45843,10.43818,-4e-05,0.00038,-0.00012,390,0.10173,0.00396,122.85666,0.01194,4.6,134.74772,0.01065,0.08825,0.04913,0.02636,11,NA
122.85666,0,0,1.45266,10.44394,-4e-05,0.00037,-0.00012,391,0.10173,0.00396,122.85666,0.01194,4.6,134.74772,0.01065,0.08825,0.04913,0.02636,11,NA
122.85666,0,0,1.44691,10.44967,-4e-05,0.00036,-0.00011,392,0.10173,0.00396,122.85666,0.01194,4.6,134.74772,0.01065,0.08825,0.04913,0.02636,11,NA
122.85666,0,0,1.44118,10.45538,-4e-05,0.00035,-0.00011,393,0.10173,0.00396,122.85666,0.01194,4.6,134.74772,0.01065,0.08825,0.04913,0.02636,11,NA
122.85666,0,0,1.43548,10.46107,-4e-05,0.00034,-0.00011,394,0.10173,0.00396,122.85666,0.01194,4.6,134.74772,0.01065,0.08825,0.04913,0.02636,11,NA
122.85666,0,0,1.4298,10.46673,-4e-05,0.00033,-0.00011,395,0.10173,0.00396,122.85666,0.01194,4.6,134.74772,0.01065,0.08825,0.04913,0.02636,11,NA
122.85666,0,0,1.42414,10.47238,-4e-05,0.00032,-1e-04,396,0.10173,0.00396,122.85666,0.01194,4.6,134.74772,0.01065,0.08825,0.04913,0.02636,11,NA
122.85666,0,0,1.4185,10.478,-3e-05,0.00031,-1e-04,397,0.10173,0.00396,122.85666,0.01194,4.6,134.74772,0.01065,0.08825,0.04913,0.02636,11,NA
122.85666,0,0,1.41289,10.4836,-3e-05,3e-04,-1e-04,398,0.10173,0.00396,122.85666,0.01194,4.6,134.74772,0.01065,0.08825,0.04913,0.02636,11,NA
122.85666,0,0,1.4073,10.48917,-3e-05,0.00029,-1e-04,399,0.10173,0.00396,122.85666,0.01194,4.6,134.74772,0.01065,0.08825,0.04913,0.02636,11,NA
122.85666,0,0,1.40173,10.49472,-3e-05,0.00028,-1e-04,400,0.10173,0.00396,122.85666,0.01194,4.6,134.74772,0.01065,0.08825,0.04913,0.02636,11,NA
122.85666,0,0,1.39618,10.50025,-3e-05,0.00027,-9e-05,401,0.10173,0.00396,122.85666,0.01194,4.6,134.74772,0.01065,0.08825,0.04913,0.02636,11,NA
122.85666,0,0,1.39066,10.50576,-3e-05,0.00026,-9e-05,402,0.10173,0.00396,122.85666,0.01194,4.6,134.74772,0.01065,0.08825,0.04913,0.02636,11,NA
122.85666,0,0,1.38515,10.51125,-3e-05,0.00026,-9e-05,403,0.10173,0.00396,122.85666,0.01194,4.6,134.74772,0.01065,0.08825,0.04913,0.02636,11,NA
122.85666,0,0,1.37967,10.51672,-3e-05,0.00025,-9e-05,404,0.10173,0.00396,122.85666,0.01194,4.6,134.74772,0.01065,0.08825,0.04913,0.02636,11,NA
122.85666,0,0,1.37421,10.52216,-3e-05,0.00024,-9e-05,405,0.10173,0.00396,122.85666,0.01194,4.6,134.74772,0.01065,0.08825,0.04913,0.02636,11,NA
122.85666,0,0,1.36878,10.52758,-3e-05,0.00023,-8e-05,406,0.10173,0.00396,122.85666,0.01194,4.6,134.74772,0.01065,0.08825,0.04913,0.02636,11,NA
122.85666,0,0,1.36336,10.53298,-3e-05,0.00023,-8e-05,407,0.10173,0.00396,122.85666,0.01194,4.6,134.74772,0.01065,0.08825,0.04913,0.02636,11,NA
122.85666,0,0,1.35796,10.53836,-3e-05,0.00022,-8e-05,408,0.10173,0.00396,122.85666,0.01194,4.6,134.74772,0.01065,0.08825,0.04913,0.02636,11,NA
122.85666,0,0,1.35259,10.54371,-3e-05,0.00021,-8e-05,409,0.10173,0.00396,122.85666,0.01194,4.6,134.74772,0.01065,0.08825,0.04913,0.02636,11,NA
122.85666,0,0,1.34724,10.54905,-3e-05,0.00021,-8e-05,410,0.10173,0.00396,122.85666,0.01194,4.6,134.74772,0.01065,0.08825,0.04913,0.02636,11,NA
122.85666,0,0,1.34191,10.55436,-3e-05,2e-04,-8e-05,411,0.10173,0.00396,122.85666,0.01194,4.6,134.74772,0.01065,0.08825,0.04913,0.02636,11,NA
122.85666,0,0,1.3366,10.55966,-2e-05,0.00019,-7e-05,412,0.10173,0.00396,122.85666,0.01194,4.6,134.74772,0.01065,0.08825,0.04913,0.02636,11,NA
122.85666,0,0,1.33131,10.56493,-2e-05,0.00019,-7e-05,413,0.10173,0.00396,122.85666,0.01194,4.6,134.74772,0.01065,0.08825,0.04913,0.02636,11,NA
122.85666,0,0,1.32604,10.57018,-2e-05,0.00018,-7e-05,414,0.10173,0.00396,122.85666,0.01194,4.6,134.74772,0.01065,0.08825,0.04913,0.02636,11,NA
122.85666,0,0,1.32079,10.57541,-2e-05,0.00018,-7e-05,415,0.10173,0.00396,122.85666,0.01194,4.6,134.74772,0.01065,0.08825,0.04913,0.02636,11,NA
122.85666,0,0,1.31557,10.58062,-2e-05,0.00017,-7e-05,416,0.10173,0.00396,122.85666,0.01194,4.6,134.74772,0.01065,0.08825,0.04913,0.02636,11,NA
122.85666,0,0,1.31036,10.58581,-2e-05,0.00016,-7e-05,417,0.10173,0.00396,122.85666,0.01194,4.6,134.74772,0.01065,0.08825,0.04913,0.02636,11,NA
122.85666,0,0,1.30518,10.59098,-2e-05,0.00016,-7e-05,418,0.10173,0.00396,122.85666,0.01194,4.6,134.74772,0.01065,0.08825,0.04913,0.02636,11,NA
122.85666,0,0,1.30001,10.59612,-2e-05,0.00015,-6e-05,419,0.10173,0.00396,122.85666,0.01194,4.6,134.74772,0.01065,0.08825,0.04913,0.02636,11,NA
122.85666,0,0,1.29487,10.60125,-2e-05,0.00015,-6e-05,420,0.10173,0.00396,122.85666,0.01194,4.6,134.74772,0.01065,0.08825,0.04913,0.02636,11,NA
122.85666,0,0,1.28974,10.60636,-2e-05,0.00015,-6e-05,421,0.10173,0.00396,122.85666,0.01194,4.6,134.74772,0.01065,0.08825,0.04913,0.02636,11,NA
122.85666,0,0,1.28464,10.61144,-2e-05,0.00014,-6e-05,422,0.10173,0.00396,122.85666,0.01194,4.6,134.74772,0.01065,0.08825,0.04913,0.02636,11,NA
122.85666,0,0,1.27956,10.61651,-2e-05,0.00014,-6e-05,423,0.10173,0.00396,122.85666,0.01194,4.6,134.74772,0.01065,0.08825,0.04913,0.02636,11,NA
122.85666,0,0,1.27449,10.62155,-2e-05,0.00013,-6e-05,424,0.10173,0.00396,122.85666,0.01194,4.6,134.74772,0.01065,0.08825,0.04913,0.02636,11,NA
122.85666,0,0,1.26945,10.62658,-2e-05,0.00013,-6e-05,425,0.10173,0.00396,122.85666,0.01194,4.6,134.74772,0.01065,0.08825,0.04913,0.02636,11,NA
122.85666,0,0,1.26443,10.63159,-2e-05,0.00012,-6e-05,426,0.10173,0.00396,122.85666,0.01194,4.6,134.74772,0.01065,0.08825,0.04913,0.02636,11,NA
122.85666,0,0,1.25942,10.63657,-2e-05,0.00012,-5e-05,427,0.10173,0.00396,122.85666,0.01194,4.6,134.74772,0.01065,0.08825,0.04913,0.02636,11,NA
122.85666,0,0,1.25444,10.64154,-2e-05,0.00012,-5e-05,428,0.10173,0.00396,122.85666,0.01194,4.6,134.74772,0.01065,0.08825,0.04913,0.02636,11,NA
122.85666,0,0,1.24948,10.64648,-2e-05,0.00011,-5e-05,429,0.10173,0.00396,122.85666,0.01194,4.6,134.74772,0.01065,0.08825,0.04913,0.02636,11,NA
122.85666,0,0,1.24453,10.65141,-2e-05,0.00011,-5e-05,430,0.10173,0.00396,122.85666,0.01194,4.6,134.74772,0.01065,0.08825,0.04913,0.02636,11,NA
122.85666,0,0,1.23961,10.65632,-2e-05,0.00011,-5e-05,431,0.10173,0.00396,122.85666,0.01194,4.6,134.74772,0.01065,0.08825,0.04913,0.02636,11,NA
122.85666,0,0,1.2347,10.6612,-2e-05,1e-04,-5e-05,432,0.10173,0.00396,122.85666,0.01194,4.6,134.74772,0.01065,0.08825,0.04913,0.02636,11,NA
122.85666,0,0,1.22982,10.66607,-2e-05,1e-04,-5e-05,433,0.10173,0.00396,122.85666,0.01194,4.6,134.74772,0.01065,0.08825,0.04913,0.02636,11,NA
122.85666,0,0,1.22495,10.67092,-2e-05,1e-04,-5e-05,434,0.10173,0.00396,122.85666,0.01194,4.6,134.74772,0.01065,0.08825,0.04913,0.02636,11,NA
122.85666,0,0,1.2201,10.67575,-2e-05,9e-05,-5e-05,435,0.10173,0.00396,122.85666,0.01194,4.6,134.74772,0.01065,0.08825,0.04913,0.02636,11,NA
122.85666,0,0,1.21528,10.68056,-1e-05,9e-05,-4e-05,436,0.10173,0.00396,122.85666,0.01194,4.6,134.74772,0.01065,0.08825,0.04913,0.02636,11,NA
122.85666,0,0,1.21047,10.68535,-1e-05,9e-05,-4e-05,437,0.10173,0.00396,122.85666,0.01194,4.6,134.74772,0.01065,0.08825,0.04913,0.02636,11,NA
122.85666,0,0,1.20568,10.69012,-1e-05,8e-05,-4e-05,438,0.10173,0.00396,122.85666,0.01194,4.6,134.74772,0.01065,0.08825,0.04913,0.02636,11,NA
122.85666,0,0,1.20091,10.69488,-1e-05,8e-05,-4e-05,439,0.10173,0.00396,122.85666,0.01194,4.6,134.74772,0.01065,0.08825,0.04913,0.02636,11,NA
122.85666,0,0,1.19616,10.69961,-1e-05,8e-05,-4e-05,440,0.10173,0.00396,122.85666,0.01194,4.6,134.74772,0.01065,0.08825,0.04913,0.02636,11,NA
122.85666,0,0,1.19142,10.70433,-1e-05,8e-05,-4e-05,441,0.10173,0.00396,122.85666,0.01194,4.6,134.74772,0.01065,0.08825,0.04913,0.02636,11,NA
122.85666,0,0,1.18671,10.70902,-1e-05,7e-05,-4e-05,442,0.10173,0.00396,122.85666,0.01194,4.6,134.74772,0.01065,0.08825,0.04913,0.02636,11,NA
122.85666,0,0,1.18201,10.7137,-1e-05,7e-05,-4e-05,443,0.10173,0.00396,122.85666,0.01194,4.6,134.74772,0.01065,0.08825,0.04913,0.02636,11,NA
122.85666,0,0,1.17734,10.71836,-1e-05,7e-05,-4e-05,444,0.10173,0.00396,122.85666,0.01194,4.6,134.74772,0.01065,0.08825,0.04913,0.02636,11,NA
122.85666,0,0,1.17268,10.723,-1e-05,7e-05,-4e-05,445,0.10173,0.00396,122.85666,0.01194,4.6,134.74772,0.01065,0.08825,0.04913,0.02636,11,NA
122.85666,0,0,1.16804,10.72763,-1e-05,6e-05,-4e-05,446,0.10173,0.00396,122.85666,0.01194,4.6,134.74772,0.01065,0.08825,0.04913,0.02636,11,NA
122.85666,0,0,1.16342,10.73223,-1e-05,6e-05,-4e-05,447,0.10173,0.00396,122.85666,0.01194,4.6,134.74772,0.01065,0.08825,0.04913,0.02636,11,NA
122.85666,0,0,1.15881,10.73682,-1e-05,6e-05,-3e-05,448,0.10173,0.00396,122.85666,0.01194,4.6,134.74772,0.01065,0.08825,0.04913,0.02636,11,NA
122.85666,0,0,1.15423,10.74138,-1e-05,6e-05,-3e-05,449,0.10173,0.00396,122.85666,0.01194,4.6,134.74772,0.01065,0.08825,0.04913,0.02636,11,NA
122.85666,0,0,1.14966,10.74593,-1e-05,6e-05,-3e-05,450,0.10173,0.00396,122.85666,0.01194,4.6,134.74772,0.01065,0.08825,0.04913,0.02636,11,NA
122.85666,0,0,1.14511,10.75046,-1e-05,5e-05,-3e-05,451,0.10173,0.00396,122.85666,0.01194,4.6,134.74772,0.01065,0.08825,0.04913,0.02636,11,NA
122.85666,0,0,1.14058,10.75498,-1e-05,5e-05,-3e-05,452,0.10173,0.00396,122.85666,0.01194,4.6,134.74772,0.01065,0.08825,0.04913,0.02636,11,NA
122.85666,0,0,1.13607,10.75947,-1e-05,5e-05,-3e-05,453,0.10173,0.00396,122.85666,0.01194,4.6,134.74772,0.01065,0.08825,0.04913,0.02636,11,NA
122.85666,0,0,1.13158,10.76395,-1e-05,5e-05,-3e-05,454,0.10173,0.00396,122.85666,0.01194,4.6,134.74772,0.01065,0.08825,0.04913,0.02636,11,NA
122.85666,0,0,1.1271,10.76841,-1e-05,5e-05,-3e-05,455,0.10173,0.00396,122.85666,0.01194,4.6,134.74772,0.01065,0.08825,0.04913,0.02636,11,NA
122.85666,0,0,1.12264,10.77286,-1e-05,5e-05,-3e-05,456,0.10173,0.00396,122.85666,0.01194,4.6,134.74772,0.01065,0.08825,0.04913,0.02636,11,NA
122.85666,0,0,1.1182,10.77728,-1e-05,4e-05,-3e-05,457,0.10173,0.00396,122.85666,0.01194,4.6,134.74772,0.01065,0.08825,0.04913,0.02636,11,NA
122.85666,0,0,1.11377,10.78169,-1e-05,4e-05,-3e-05,458,0.10173,0.00396,122.85666,0.01194,4.6,134.74772,0.01065,0.08825,0.04913,0.02636,11,NA
122.85666,0,0,1.10937,10.78608,-1e-05,4e-05,-3e-05,459,0.10173,0.00396,122.85666,0.01194,4.6,134.74772,0.01065,0.08825,0.04913,0.02636,11,NA
122.85666,0,0,1.10498,10.79045,-1e-05,4e-05,-3e-05,460,0.10173,0.00396,122.85666,0.01194,4.6,134.74772,0.01065,0.08825,0.04913,0.02636,11,NA
122.85666,0,0,1.1006,10.79481,-1e-05,4e-05,-3e-05,461,0.10173,0.00396,122.85666,0.01194,4.6,134.74772,0.01065,0.08825,0.04913,0.02636,11,NA
122.85666,0,0,1.09625,10.79914,-1e-05,4e-05,-3e-05,462,0.10173,0.00396,122.85666,0.01194,4.6,134.74772,0.01065,0.08825,0.04913,0.02636,11,NA
122.85666,0,0,1.09191,10.80346,-1e-05,4e-05,-2e-05,463,0.10173,0.00396,122.85666,0.01194,4.6,134.74772,0.01065,0.08825,0.04913,0.02636,11,NA
122.85666,0,0,1.08759,10.80777,-1e-05,3e-05,-2e-05,464,0.10173,0.00396,122.85666,0.01194,4.6,134.74772,0.01065,0.08825,0.04913,0.02636,11,NA
122.85666,0,0,1.08329,10.81205,-1e-05,3e-05,-2e-05,465,0.10173,0.00396,122.85666,0.01194,4.6,134.74772,0.01065,0.08825,0.04913,0.02636,11,NA
122.85666,0,0,1.079,10.81632,-1e-05,3e-05,-2e-05,466,0.10173,0.00396,122.85666,0.01194,4.6,134.74772,0.01065,0.08825,0.04913,0.02636,11,NA
122.85666,0,0,1.07473,10.82058,-1e-05,3e-05,-2e-05,467,0.10173,0.00396,122.85666,0.01194,4.6,134.74772,0.01065,0.08825,0.04913,0.02636,11,NA
122.85666,0,0,1.07048,10.82481,-1e-05,3e-05,-2e-05,468,0.10173,0.00396,122.85666,0.01194,4.6,134.74772,0.01065,0.08825,0.04913,0.02636,11,NA
122.85666,0,0,1.06625,10.82903,-1e-05,3e-05,-2e-05,469,0.10173,0.00396,122.85666,0.01194,4.6,134.74772,0.01065,0.08825,0.04913,0.02636,11,NA
122.85666,0,0,1.06203,10.83323,-1e-05,3e-05,-2e-05,470,0.10173,0.00396,122.85666,0.01194,4.6,134.74772,0.01065,0.08825,0.04913,0.02636,11,NA
122.85666,0,0,1.05783,10.83742,-1e-05,3e-05,-2e-05,471,0.10173,0.00396,122.85666,0.01194,4.6,134.74772,0.01065,0.08825,0.04913,0.02636,11,NA
122.85666,0,0,1.05364,10.84159,-1e-05,3e-05,-2e-05,472,0.10173,0.00396,122.85666,0.01194,4.6,134.74772,0.01065,0.08825,0.04913,0.02636,11,NA
122.85666,0,0,1.04947,10.84574,-1e-05,2e-05,-2e-05,473,0.10173,0.00396,122.85666,0.01194,4.6,134.74772,0.01065,0.08825,0.04913,0.02636,11,NA
122.85666,0,0,1.04532,10.84988,-1e-05,2e-05,-2e-05,474,0.10173,0.00396,122.85666,0.01194,4.6,134.74772,0.01065,0.08825,0.04913,0.02636,11,NA
122.85666,0,0,1.04118,10.854,-1e-05,2e-05,-2e-05,475,0.10173,0.00396,122.85666,0.01194,4.6,134.74772,0.01065,0.08825,0.04913,0.02636,11,NA
122.85666,0,0,1.03706,10.8581,-1e-05,2e-05,-2e-05,476,0.10173,0.00396,122.85666,0.01194,4.6,134.74772,0.01065,0.08825,0.04913,0.02636,11,NA
122.85666,0,0,1.03296,10.86219,-1e-05,2e-05,-2e-05,477,0.10173,0.00396,122.85666,0.01194,4.6,134.74772,0.01065,0.08825,0.04913,0.02636,11,NA
122.85666,0,0,1.02887,10.86626,-1e-05,2e-05,-2e-05,478,0.10173,0.00396,122.85666,0.01194,4.6,134.74772,0.01065,0.08825,0.04913,0.02636,11,NA
122.85666,0,0,1.0248,10.87031,-1e-05,2e-05,-2e-05,479,0.10173,0.00396,122.85666,0.01194,4.6,134.74772,0.01065,0.08825,0.04913,0.02636,11,NA
122.85666,0,0,1.02075,10.87435,-1e-05,2e-05,-2e-05,480,0.10173,0.00396,122.85666,0.01194,4.6,134.74772,0.01065,0.08825,0.04913,0.02636,11,NA
122.85666,0,0,1.01671,10.87838,-1e-05,2e-05,-2e-05,481,0.10173,0.00396,122.85666,0.01194,4.6,134.74772,0.01065,0.08825,0.04913,0.02636,11,NA
122.85666,0,0,1.01269,10.88238,-1e-05,2e-05,-2e-05,482,0.10173,0.00396,122.85666,0.01194,4.6,134.74772,0.01065,0.08825,0.04913,0.02636,11,NA
122.85666,0,0,1.00868,10.88637,-1e-05,2e-05,-2e-05,483,0.10173,0.00396,122.85666,0.01194,4.6,134.74772,0.01065,0.08825,0.04913,0.02636,11,NA
122.85666,0,0,1.00469,10.89035,-1e-05,2e-05,-2e-05,484,0.10173,0.00396,122.85666,0.01194,4.6,134.74772,0.01065,0.08825,0.04913,0.02636,11,NA
122.85666,0,0,1.00072,10.89431,-1e-05,2e-05,-2e-05,485,0.10173,0.00396,122.85666,0.01194,4.6,134.74772,0.01065,0.08825,0.04913,0.02636,11,NA
122.85666,0,0,0.99676,10.89825,-1e-05,2e-05,-2e-05,486,0.10173,0.00396,122.85666,0.01194,4.6,134.74772,0.01065,0.08825,0.04913,0.02636,11,NA
122.85666,0,0,0.99281,10.90218,0,1e-05,-1e-05,487,0.10173,0.00396,122.85666,0.01194,4.6,134.74772,0.01065,0.08825,0.04913,0.02636,11,NA
122.85666,0,0,0.98889,10.90609,0,1e-05,-1e-05,488,0.10173,0.00396,122.85666,0.01194,4.6,134.74772,0.01065,0.08825,0.04913,0.02636,11,NA
122.85666,0,0,0.98497,10.90999,0,1e-05,-1e-05,489,0.10173,0.00396,122.85666,0.01194,4.6,134.74772,0.01065,0.08825,0.04913,0.02636,11,NA
122.85666,0,0,0.98108,10.91387,0,1e-05,-1e-05,490,0.10173,0.00396,122.85666,0.01194,4.6,134.74772,0.01065,0.08825,0.04913,0.02636,11,NA
122.85666,0,0,0.97719,10.91774,0,1e-05,-1e-05,491,0.10173,0.00396,122.85666,0.01194,4.6,134.74772,0.01065,0.08825,0.04913,0.02636,11,NA
122.85666,0,0,0.97333,10.92159,0,1e-05,-1e-05,492,0.10173,0.00396,122.85666,0.01194,4.6,134.74772,0.01065,0.08825,0.04913,0.02636,11,NA
122.85666,0,0,0.96948,10.92542,0,1e-05,-1e-05,493,0.10173,0.00396,122.85666,0.01194,4.6,134.74772,0.01065,0.08825,0.04913,0.02636,11,NA
122.85666,0,0,0.96564,10.92924,0,1e-05,-1e-05,494,0.10173,0.00396,122.85666,0.01194,4.6,134.74772,0.01065,0.08825,0.04913,0.02636,11,NA
122.85666,0,0,0.96182,10.93305,0,1e-05,-1e-05,495,0.10173,0.00396,122.85666,0.01194,4.6,134.74772,0.01065,0.08825,0.04913,0.02636,11,NA
122.85666,0,0,0.95802,10.93684,0,1e-05,-1e-05,496,0.10173,0.00396,122.85666,0.01194,4.6,134.74772,0.01065,0.08825,0.04913,0.02636,11,NA
122.85666,0,0,0.95423,10.94062,0,1e-05,-1e-05,497,0.10173,0.00396,122.85666,0.01194,4.6,134.74772,0.01065,0.08825,0.04913,0.02636,11,NA
122.85666,0,0,0.95045,10.94438,0,1e-05,-1e-05,498,0.10173,0.00396,122.85666,0.01194,4.6,134.74772,0.01065,0.08825,0.04913,0.02636,11,NA
122.85666,0,0,0.94669,10.94812,0,1e-05,-1e-05,499,0.10173,0.00396,122.85666,0.01194,4.6,134.74772,0.01065,0.08825,0.04913,0.02636,11,NA
122.85666,0,0,0.94294,10.95185,0,1e-05,-1e-05,500,0.10173,0.00396,122.85666,0.01194,4.6,134.74772,0.01065,0.08825,0.04913,0.02636,11,NA
122.85666,0,0,0.93921,10.95557,0,1e-05,-1e-05,501,0.10173,0.00396,122.85666,0.01194,4.6,134.74772,0.01065,0.08825,0.04913,0.02636,11,NA
122.85666,0,0,0.9355,10.95927,0,1e-05,-1e-05,502,0.10173,0.00396,122.85666,0.01194,4.6,134.74772,0.01065,0.08825,0.04913,0.02636,11,NA
122.85666,0,0,0.9318,10.96296,0,1e-05,-1e-05,503,0.10173,0.00396,122.85666,0.01194,4.6,134.74772,0.01065,0.08825,0.04913,0.02636,11,NA
122.85666,0,0,0.92811,10.96663,0,1e-05,-1e-05,504,0.10173,0.00396,122.85666,0.01194,4.6,134.74772,0.01065,0.08825,0.04913,0.02636,11,NA
122.85666,0,0,0.92444,10.97029,0,1e-05,-1e-05,505,0.10173,0.00396,122.85666,0.01194,4.6,134.74772,0.01065,0.08825,0.04913,0.02636,11,NA
122.85666,0,0,0.92078,10.97393,0,1e-05,-1e-05,506,0.10173,0.00396,122.85666,0.01194,4.6,134.74772,0.01065,0.08825,0.04913,0.02636,11,NA
122.85666,0,0,0.91714,10.97756,0,1e-05,-1e-05,507,0.10173,0.00396,122.85666,0.01194,4.6,134.74772,0.01065,0.08825,0.04913,0.02636,11,NA
122.85666,0,0,0.91351,10.98117,0,1e-05,-1e-05,508,0.10173,0.00396,122.85666,0.01194,4.6,134.74772,0.01065,0.08825,0.04913,0.02636,11,NA
122.85666,0,0,0.9099,10.98477,0,1e-05,-1e-05,509,0.10173,0.00396,122.85666,0.01194,4.6,134.74772,0.01065,0.08825,0.04913,0.02636,11,NA
122.85666,0,0,0.9063,10.98836,0,1e-05,-1e-05,510,0.10173,0.00396,122.85666,0.01194,4.6,134.74772,0.01065,0.08825,0.04913,0.02636,11,NA
122.85666,0,0,0.90271,10.99193,0,1e-05,-1e-05,511,0.10173,0.00396,122.85666,0.01194,4.6,134.74772,0.01065,0.08825,0.04913,0.02636,11,NA
122.85666,0,0,0.89914,10.99548,0,1e-05,-1e-05,512,0.10173,0.00396,122.85666,0.01194,4.6,134.74772,0.01065,0.08825,0.04913,0.02636,11,NA
122.85666,0,0,0.89558,10.99903,0,0,-1e-05,513,0.10173,0.00396,122.85666,0.01194,4.6,134.74772,0.01065,0.08825,0.04913,0.02636,11,NA
122.85666,0,0,0.89204,11.00256,0,0,-1e-05,514,0.10173,0.00396,122.85666,0.01194,4.6,134.74772,0.01065,0.08825,0.04913,0.02636,11,NA
121.73739,0,1.11928,0.88851,11.00607,0,0,-1e-05,515,0.10173,0.00396,122.85666,0.01194,4.6,134.74772,0.01065,0.08825,0.04913,0.02636,11,NA
120.61775,0,2.23892,0.88499,11.00957,0,0,-1e-05,516,0.10173,0.00396,122.85666,0.01194,4.6,134.74772,0.01065,0.08825,0.04913,0.02636,11,NA
119.49775,0,3.35891,0.88149,11.01306,0,0,-1e-05,517,0.10173,0.00396,122.85666,0.01194,4.6,134.74772,0.01065,0.08825,0.04913,0.02636,11,NA
118.37741,0,4.47926,0.878,11.01653,0,0,-1e-05,518,0.10173,0.00396,122.85666,0.01194,4.6,134.74772,0.01065,0.08825,0.04913,0.02636,11,NA
117.25671,0,5.59996,0.87453,11.01999,0,0,-1e-05,519,0.10173,0.00396,122.85666,0.01194,4.6,134.74772,0.01065,0.08825,0.04913,0.02636,11,NA
116.13565,0,6.72101,0.87107,11.02344,0,0,-1e-05,520,0.10173,0.00396,122.85666,0.01194,4.6,134.74772,0.01065,0.08825,0.04913,0.02636,11,NA
115.01425,0,7.84242,0.86763,11.02687,0,0,-1e-05,521,0.10173,0.00396,122.85666,0.01194,4.6,134.74772,0.01065,0.08825,0.04913,0.02636,11,NA
113.89249,0,8.96417,0.86419,11.03029,0,0,-1e-05,522,0.10173,0.00396,122.85666,0.01194,4.6,134.74772,0.01065,0.08825,0.04913,0.02636,11,NA
112.77039,0,10.08627,0.86077,11.0337,0,0,-1e-05,523,0.10173,0.00396,122.85666,0.01194,4.6,134.74772,0.01065,0.08825,0.04913,0.02636,11,NA
111.64795,0,11.20872,0.85737,11.03709,0,0,-1e-05,524,0.10173,0.00396,122.85666,0.01194,4.6,134.74772,0.01065,0.08825,0.04913,0.02636,11,NA
110.52515,0,12.33151,0.85398,11.04047,0,0,-1e-05,525,0.10173,0.00396,122.85666,0.01194,4.6,134.74772,0.01065,0.08825,0.04913,0.02636,11,NA
109.40202,0,13.45465,0.8506,11.04383,0,0,-1e-05,526,0.10173,0.00396,122.85666,0.01194,4.6,134.74772,0.01065,0.08825,0.04913,0.02636,11,NA
108.27854,0,14.57813,0.84723,11.04719,0,0,-1e-05,527,0.10173,0.00396,122.85666,0.01194,4.6,134.74772,0.01065,0.08825,0.04913,0.02636,11,NA
107.15472,0,15.70195,0.84388,11.05052,0,0,-1e-05,528,0.10173,0.00396,122.85666,0.01194,4.6,134.74772,0.01065,0.08825,0.04913,0.02636,11,NA
106.03056,0,16.8261,0.84054,11.05385,0,0,-1e-05,529,0.10173,0.00396,122.85666,0.01194,4.6,134.74772,0.01065,0.08825,0.04913,0.02636,11,NA
104.90606,0,17.9506,0.83722,11.05716,0,0,-1e-05,530,0.10173,0.00396,122.85666,0.01194,4.6,134.74772,0.01065,0.08825,0.04913,0.02636,11,NA
103.78123,0,19.07544,0.8339,11.06046,0,0,-1e-05,531,0.10173,0.00396,122.85666,0.01194,4.6,134.74772,0.01065,0.08825,0.04913,0.02636,11,NA
102.65606,0,20.20061,0.8306,11.06375,0,0,-1e-05,532,0.10173,0.00396,122.85666,0.01194,4.6,134.74772,0.01065,0.08825,0.04913,0.02636,11,NA
101.53055,0,21.32611,0.82732,11.06702,0,0,-1e-05,533,0.10173,0.00396,122.85666,0.01194,4.6,134.74772,0.01065,0.08825,0.04913,0.02636,11,NA
100.40472,0,22.45195,0.82405,11.07028,0,0,-1e-05,534,0.10173,0.00396,122.85666,0.01194,4.6,134.74772,0.01065,0.08825,0.04913,0.02636,11,NA
99.27855,0,23.57812,0.82079,11.07353,0,0,-1e-05,535,0.10173,0.00396,122.85666,0.01194,4.6,134.74772,0.01065,0.08825,0.04913,0.02636,11,NA
98.15205,0,24.70462,0.81754,11.07676,0,0,-1e-05,536,0.10173,0.00396,122.85666,0.01194,4.6,134.74772,0.01065,0.08825,0.04913,0.02636,11,NA
97.02522,0,25.83144,0.8143,11.07998,0,0,-1e-05,537,0.10173,0.00396,122.85666,0.01194,4.6,134.74772,0.01065,0.08825,0.04913,0.02636,11,NA
95.89806,0,26.9586,0.81108,11.08319,0,0,0,538,0.10173,0.00396,122.85666,0.01194,4.6,134.74772,0.01065,0.08825,0.04913,0.02636,11,NA
94.77058,0,28.08608,0.80787,11.08639,0,0,0,539,0.10173,0.00396,122.85666,0.01194,4.6,134.74772,0.01065,0.08825,0.04913,0.02636,11,NA
93.64277,0,29.21389,0.80468,11.08957,0,0,0,540,0.10173,0.00396,122.85666,0.01194,4.6,134.74772,0.01065,0.08825,0.04913,0.02636,11,NA
92.51464,0,30.34202,0.80149,11.09274,0,0,0,541,0.10173,0.00396,122.85666,0.01194,4.6,134.74772,0.01065,0.08825,0.04913,0.02636,11,NA
91.38619,0,31.47048,0.79832,11.0959,0,0,0,542,0.10173,0.00396,122.85666,0.01194,4.6,134.74772,0.01065,0.08825,0.04913,0.02636,11,NA
90.25741,0,32.59925,0.79516,11.09905,0,0,0,543,0.10173,0.00396,122.85666,0.01194,4.6,134.74772,0.01065,0.08825,0.04913,0.02636,11,NA
89.12832,0,33.72835,0.79202,11.10218,0,0,0,544,0.10173,0.00396,122.85666,0.01194,4.6,134.74772,0.01065,0.08825,0.04913,0.02636,11,NA
87.9989,0,34.85776,0.78889,11.1053,0,0,0,545,0.10173,0.00396,122.85666,0.01194,4.6,134.74772,0.01065,0.08825,0.04913,0.02636,11,NA
86.86917,0,35.98749,0.78576,11.10841,0,0,0,546,0.10173,0.00396,122.85666,0.01194,4.6,134.74772,0.01065,0.08825,0.04913,0.02636,11,NA
85.73913,0,37.11754,0.78266,11.11151,0,0,0,547,0.10173,0.00396,122.85666,0.01194,4.6,134.74772,0.01065,0.08825,0.04913,0.02636,11,NA
84.60876,0,38.2479,0.77956,11.11459,0,0,0,548,0.10173,0.00396,122.85666,0.01194,4.6,134.74772,0.01065,0.08825,0.04913,0.02636,11,NA
83.47809,0,39.37858,0.77647,11.11766,0,0,0,549,0.10173,0.00396,122.85666,0.01194,4.6,134.74772,0.01065,0.08825,0.04913,0.02636,11,NA
82.3471,0,40.50957,0.7734,11.12072,0,0,0,550,0.10173,0.00396,122.85666,0.01194,4.6,134.74772,0.01065,0.08825,0.04913,0.02636,11,NA
81.2158,0,41.64087,0.77034,11.12377,0,0,0,551,0.10173,0.00396,122.85666,0.01194,4.6,134.74772,0.01065,0.08825,0.04913,0.02636,11,NA
80.08419,0,42.77248,0.7673,11.1268,0,0,0,552,0.10173,0.00396,122.85666,0.01194,4.6,134.74772,0.01065,0.08825,0.04913,0.02636,11,NA
78.95227,0,43.9044,0.76426,11.12983,0,0,0,553,0.10173,0.00396,122.85666,0.01194,4.6,134.74772,0.01065,0.08825,0.04913,0.02636,11,NA
77.82004,0,45.03662,0.76124,11.13284,0,0,0,554,0.10173,0.00396,122.85666,0.01194,4.6,134.74772,0.01065,0.08825,0.04913,0.02636,11,NA
76.68751,0,46.16916,0.75822,11.13584,0,0,0,555,0.10173,0.00396,122.85666,0.01194,4.6,134.74772,0.01065,0.08825,0.04913,0.02636,11,NA
75.55467,0,47.302,0.75522,11.13883,0,0,0,556,0.10173,0.00396,122.85666,0.01194,4.6,134.74772,0.01065,0.08825,0.04913,0.02636,11,NA
74.42153,0,48.43514,0.75224,11.1418,0,0,0,557,0.10173,0.00396,122.85666,0.01194,4.6,134.74772,0.01065,0.08825,0.04913,0.02636,11,NA
73.28808,0,49.56858,0.74926,11.14477,0,0,0,558,0.10173,0.00396,122.85666,0.01194,4.6,134.74772,0.01065,0.08825,0.04913,0.02636,11,NA
72.15434,0,50.70233,0.7463,11.14772,0,0,0,559,0.10173,0.00396,122.85666,0.01194,4.6,134.74772,0.01065,0.08825,0.04913,0.02636,11,NA
71.02029,0,51.83638,0.74334,11.15066,0,0,0,560,0.10173,0.00396,122.85666,0.01194,4.6,134.74772,0.01065,0.08825,0.04913,0.02636,11,NA
69.88594,0,52.97072,0.7404,11.15359,0,0,0,561,0.10173,0.00396,122.85666,0.01194,4.6,134.74772,0.01065,0.08825,0.04913,0.02636,11,NA
68.7513,0,54.10537,0.73747,11.15651,0,0,0,562,0.10173,0.00396,122.85666,0.01194,4.6,134.74772,0.01065,0.08825,0.04913,0.02636,11,NA
67.61636,0,55.24031,0.73456,11.15941,0,0,0,563,0.10173,0.00396,122.85666,0.01194,4.6,134.74772,0.01065,0.08825,0.04913,0.02636,11,NA
66.48112,0,56.37554,0.73165,11.16231,0,0,0,564,0.10173,0.00396,122.85666,0.01194,4.6,134.74772,0.01065,0.08825,0.04913,0.02636,11,NA
65.34559,0,57.51107,0.72876,11.16519,0,0,0,565,0.10173,0.00396,122.85666,0.01194,4.6,134.74772,0.01065,0.08825,0.04913,0.02636,11,NA
64.20977,0,58.6469,0.72587,11.16806,0,0,0,566,0.10173,0.00396,122.85666,0.01194,4.6,134.74772,0.01065,0.08825,0.04913,0.02636,11,NA
63.07365,0,59.78301,0.723,11.17092,0,0,0,567,0.10173,0.00396,122.85666,0.01194,4.6,134.74772,0.01065,0.08825,0.04913,0.02636,11,NA
61.93724,0,60.91942,0.72014,11.17377,0,0,0,568,0.10173,0.00396,122.85666,0.01194,4.6,134.74772,0.01065,0.08825,0.04913,0.02636,11,NA
60.80055,0,62.05612,0.71729,11.17661,0,0,0,569,0.10173,0.00396,122.85666,0.01194,4.6,134.74772,0.01065,0.08825,0.04913,0.02636,11,NA
59.66356,0,63.1931,0.71445,11.17944,0,0,0,570,0.10173,0.00396,122.85666,0.01194,4.6,134.74772,0.01065,0.08825,0.04913,0.02636,11,NA
58.52629,0,64.33038,0.71163,11.18225,0,0,0,571,0.10173,0.00396,122.85666,0.01194,4.6,134.74772,0.01065,0.08825,0.04913,0.02636,11,NA
57.38873,0,65.46794,0.70881,11.18506,0,0,0,572,0.10173,0.00396,122.85666,0.01194,4.6,134.74772,0.01065,0.08825,0.04913,0.02636,11,NA
56.25088,0,66.60578,0.70601,11.18785,0,0,0,573,0.10173,0.00396,122.85666,0.01194,4.6,134.74772,0.01065,0.08825,0.04913,0.02636,11,NA
55.11275,0,67.74391,0.70321,11.19063,0,0,0,574,0.10173,0.00396,122.85666,0.01194,4.6,134.74772,0.01065,0.08825,0.04913,0.02636,11,NA
53.97434,0,68.88232,0.70043,11.1934,0,0,0,575,0.10173,0.00396,122.85666,0.01194,4.6,134.74772,0.01065,0.08825,0.04913,0.02636,11,NA
52.83565,0,70.02102,0.69766,11.19616,0,0,0,576,0.10173,0.00396,122.85666,0.01194,4.6,134.74772,0.01065,0.08825,0.04913,0.02636,11,NA
51.69667,0,71.15999,0.6949,11.19891,0,0,0,577,0.10173,0.00396,122.85666,0.01194,4.6,134.74772,0.01065,0.08825,0.04913,0.02636,11,NA
50.55742,0,72.29925,0.69215,11.20165,0,0,0,578,0.10173,0.00396,122.85666,0.01194,4.6,134.74772,0.01065,0.08825,0.04913,0.02636,11,NA
49.41789,0,73.43878,0.68941,11.20438,0,0,0,579,0.10173,0.00396,122.85666,0.01194,4.6,134.74772,0.01065,0.08825,0.04913,0.02636,11,NA
48.27808,0,74.57859,0.68669,11.20709,0,0,0,580,0.10173,0.00396,122.85666,0.01194,4.6,134.74772,0.01065,0.08825,0.04913,0.02636,11,NA
47.13799,0,75.71868,0.68397,11.2098,0,0,0,581,0.10173,0.00396,122.85666,0.01194,4.6,134.74772,0.01065,0.08825,0.04913,0.02636,11,NA
45.99763,0,76.85904,0.68126,11.21249,0,0,0,582,0.10173,0.00396,122.85666,0.01194,4.6,134.74772,0.01065,0.08825,0.04913,0.02636,11,NA
44.85699,0,77.99967,0.67857,11.21518,0,0,0,583,0.10173,0.00396,122.85666,0.01194,4.6,134.74772,0.01065,0.08825,0.04913,0.02636,11,NA
43.71608,0,79.14058,0.67588,11.21785,0,0,0,584,0.10173,0.00396,122.85666,0.01194,4.6,134.74772,0.01065,0.08825,0.04913,0.02636,11,NA
42.5749,0,80.28176,0.67321,11.22052,0,0,0,585,0.10173,0.00396,122.85666,0.01194,4.6,134.74772,0.01065,0.08825,0.04913,0.02636,11,NA
41.43345,0,81.42322,0.67055,11.22317,0,0,0,586,0.10173,0.00396,122.85666,0.01194,4.6,134.74772,0.01065,0.08825,0.04913,0.02636,11,NA
40.29173,0,82.56494,0.66789,11.22581,0,0,0,587,0.10173,0.00396,122.85666,0.01194,4.6,134.74772,0.01065,0.08825,0.04913,0.02636,11,NA
39.14973,0,83.70693,0.66525,11.22844,0,0,0,588,0.10173,0.00396,122.85666,0.01194,4.6,134.74772,0.01065,0.08825,0.04913,0.02636,11,NA
38.00748,0,84.84919,0.66262,11.23106,0,0,0,589,0.10173,0.00396,122.85666,0.01194,4.6,134.74772,0.01065,0.08825,0.04913,0.02636,11,NA
36.86495,0,85.99171,0.66,11.23368,0,0,0,590,0.10173,0.00396,122.85666,0.01194,4.6,134.74772,0.01065,0.08825,0.04913,0.02636,11,NA
35.72216,0,87.1345,0.65739,11.23628,0,0,0,591,0.10173,0.00396,122.85666,0.01194,4.6,134.74772,0.01065,0.08825,0.04913,0.02636,11,NA
34.5791,0,88.27756,0.65479,11.23887,0,0,0,592,0.10173,0.00396,122.85666,0.01194,4.6,134.74772,0.01065,0.08825,0.04913,0.02636,11,NA
33.43579,0,89.42088,0.6522,11.24145,0,0,0,593,0.10173,0.00396,122.85666,0.01194,4.6,134.74772,0.01065,0.08825,0.04913,0.02636,11,NA
32.2922,0,90.56446,0.64962,11.24402,0,0,0,594,0.10173,0.00396,122.85666,0.01194,4.6,134.74772,0.01065,0.08825,0.04913,0.02636,11,NA
31.14836,0,91.7083,0.64705,11.24658,0,0,0,595,0.10173,0.00396,122.85666,0.01194,4.6,134.74772,0.01065,0.08825,0.04913,0.02636,11,NA
30.00426,0,92.85241,0.64449,11.24913,0,0,0,596,0.10173,0.00396,122.85666,0.01194,4.6,134.74772,0.01065,0.08825,0.04913,0.02636,11,NA
28.85989,0,93.99677,0.64194,11.25167,0,0,0,597,0.10173,0.00396,122.85666,0.01194,4.6,134.74772,0.01065,0.08825,0.04913,0.02636,11,NA
27.71527,0,95.14139,0.6394,11.2542,0,0,0,598,0.10173,0.00396,122.85666,0.01194,4.6,134.74772,0.01065,0.08825,0.04913,0.02636,11,NA
26.5704,0,96.28627,0.63687,11.25671,0,0,0,599,0.10173,0.00396,122.85666,0.01194,4.6,134.74772,0.01065,0.08825,0.04913,0.02636,11,NA
25.42526,0,97.4314,0.63435,11.25922,0,0,0,600,0.10173,0.00396,122.85666,0.01194,4.6,134.74772,0.01065,0.08825,0.04913,0.02636,11,NA
24.27987,0,98.57679,0.63184,11.26172,0,0,0,601,0.10173,0.00396,122.85666,0.01194,4.6,134.74772,0.01065,0.08825,0.04913,0.02636,11,NA
23.13423,0,99.72244,0.62934,11.26421,0,0,0,602,0.10173,0.00396,122.85666,0.01194,4.6,134.74772,0.01065,0.08825,0.04913,0.02636,11,NA
21.98833,0,100.86834,0.62685,11.26669,0,0,0,603,0.10173,0.00396,122.85666,0.01194,4.6,134.74772,0.01065,0.08825,0.04913,0.02636,11,NA
20.84218,0,102.01449,0.62437,11.26916,0,0,0,604,0.10173,0.00396,122.85666,0.01194,4.6,134.74772,0.01065,0.08825,0.04913,0.02636,11,NA
19.69578,0,103.16089,0.6219,11.27162,0,0,0,605,0.10173,0.00396,122.85666,0.01194,4.6,134.74772,0.01065,0.08825,0.04913,0.02636,11,NA
18.54913,0,104.30754,0.61944,11.27407,0,0,0,606,0.10173,0.00396,122.85666,0.01194,4.6,134.74772,0.01065,0.08825,0.04913,0.02636,11,NA
17.40223,0,105.45444,0.61699,11.27652,0,0,0,607,0.10173,0.00396,122.85666,0.01194,4.6,134.74772,0.01065,0.08825,0.04913,0.02636,11,NA
16.25508,0,106.60159,0.61455,11.27895,0,0,0,608,0.10173,0.00396,122.85666,0.01194,4.6,134.74772,0.01065,0.08825,0.04913,0.02636,11,NA
15.10768,0,107.74898,0.61212,11.28137,0,0,0,609,0.10173,0.00396,122.85666,0.01194,4.6,134.74772,0.01065,0.08825,0.04913,0.02636,11,NA
13.96004,0,108.89663,0.60969,11.28378,0,0,0,610,0.10173,0.00396,122.85666,0.01194,4.6,134.74772,0.01065,0.08825,0.04913,0.02636,11,NA
12.81215,0,110.04452,0.60728,11.28618,0,0,0,611,0.10173,0.00396,122.85666,0.01194,4.6,134.74772,0.01065,0.08825,0.04913,0.02636,11,NA
11.66402,0,111.19265,0.60488,11.28858,0,0,0,612,0.10173,0.00396,122.85666,0.01194,4.6,134.74772,0.01065,0.08825,0.04913,0.02636,11,NA
10.51564,0,112.34102,0.60249,11.29096,0,0,0,613,0.10173,0.00396,122.85666,0.01194,4.6,134.74772,0.01065,0.08825,0.04913,0.02636,11,NA
9.36702,0,113.48964,0.6001,11.29333,0,0,0,614,0.10173,0.00396,122.85666,0.01194,4.6,134.74772,0.01065,0.08825,0.04913,0.02636,11,NA
8.21816,0,114.6385,0.59773,11.2957,0,0,0,615,0.10173,0.00396,122.85666,0.01194,4.6,134.74772,0.01065,0.08825,0.04913,0.02636,11,NA
7.06906,0,115.7876,0.59536,11.29805,0,0,0,616,0.10173,0.00396,122.85666,0.01194,4.6,134.74772,0.01065,0.08825,0.04913,0.02636,11,NA
5.91972,0,116.93694,0.59301,11.3004,0,0,0,617,0.10173,0.00396,122.85666,0.01194,4.6,134.74772,0.01065,0.08825,0.04913,0.02636,11,NA
4.77014,0,118.08652,0.59066,11.30274,0,0,0,618,0.10173,0.00396,122.85666,0.01194,4.6,134.74772,0.01065,0.08825,0.04913,0.02636,11,NA
3.62033,0,119.23634,0.58833,11.30506,0,0,0,619,0.10173,0.00396,122.85666,0.01194,4.6,134.74772,0.01065,0.08825,0.04913,0.02636,11,NA
2.47027,0,120.38639,0.586,11.30738,0,0,0,620,0.10173,0.00396,122.85666,0.01194,4.6,134.74772,0.01065,0.08825,0.04913,0.02636,11,NA
1.31998,0,121.53668,0.58368,11.30969,0,0,0,621,0.10173,0.00396,122.85666,0.01194,4.6,134.74772,0.01065,0.08825,0.04913,0.02636,11,NA
0.16946,0,122.6872,0.58137,11.31199,0,0,0,622,0.10173,0.00396,122.85666,0.01194,4.6,134.74772,0.01065,0.08825,0.04913,0.02636,11,NA
-0.9813,0,123.83796,0.57907,11.31428,0,0,0,623,0.10173,0.00396,122.85666,0.01194,4.6,134.74772,0.01065,0.08825,0.04913,0.02636,11,NA
