t N Q dS dP0 dP1 dP2 dR1 dR2 dA1 dA2 S P0 P1 P2 R1 R2 A1 A2
0 200 8 -0.253572834338797 0.00692780641401214 -2.11739404535322e-08 0 0 0 0 0 42.8387883812758 157.989105970803 2.29720719299923e-08 0 0 0 0 0
1 200 8 -0.2318207822535 0.00638870140400627 -1.79813147646007e-09 0 0 0 0 0.0314720663708823 42.585215546937 157.996033777217 1.79813147646007e-09 0 0 0 0 0
2 200 8 -0.257977115598003 0.007215670145996 0 1.92905044899803e-05 0 0 0.0342817385068867 0.0881182426072667 42.3533947646835 158.002422478621 0 0 0 0 0 0.0314720663708823
3 200 8 -0.263024853901001 0.00749274579098369 0 8.96190136522887e-05 0 0 0.0721838226793143 0.088798594674297 42.0954176490855 158.009638148767 0 1.92905044899803e-05 0 0 0.0342817385068867 0.119590308978149
4 200 8 -0.245242505729998 0.00708399162900264 0 8.8875690316212e-05 0 0 0.066745720874934 0.081394361707245 41.8323927951845 158.017130894558 0 0.000108909518142269 0 0 0.106465561186201 0.208388903652446
5 200 8 -0.278293150059 0.00805248300500239 0 0.000107559613737718 0.0149606413630712 0 0.074869154757581 0.090175381975204 41.5871502894545 158.024214886187 0 0.000197785208458481 0 0 0.173211282061135 0.289783265359691
6 200 8 -0.262005857622697 0.00743076328399184 0 0.000107389616228527 0.0327167137864563 0.0101773110060816 0.069437031638365 0.08226279336796 41.3088571393955 158.032267369192 0 0.000305344822196199 0.0149606413630712 0 0.248080436818716 0.379958647334895
7 200 8 -0.2990146996557 0.00801303813000231 0 0.000128176263815385 0.0450486546470327 0.0520011051868309 0.077797216807577 0.0901407903899151 41.0468512817728 158.039698132476 0 0.000412734438424726 0.0476773551495275 0.0101773110060816 0.317517468457081 0.462221440702855
8 200 8 -0.310902332145105 0.00736665344399512 0 0.000136245489655446 0.0559497744130238 0.0682997548227715 0.079390279860586 0.088662769877381 40.7478365821171 158.047711170606 0 0.000540910702240111 0.0927260097965602 0.0621784161929125 0.395314685264658 0.55236223109277
9 200 8 -0.293316285165801 0.00553495315099894 0 0.00012660783094703 0.061176768463085 0.078301541458699 0.0740961170959379 0.07801688102867 40.436934249972 158.05507782405 0 0.000677156191895557 0.148675784209584 0.130478171015684 0.474704965125244 0.641025000970151
10 200 8 -0.335026281143499 0.00390986559702355 0 0.000134666751268817 0.078928523260745 0.105665486994781 0.084673086095933 0.0817030516677449 40.1436179648062 158.060612777201 0 0.000803764022842587 0.209852552672669 0.208779712474383 0.548801082221182 0.719041881998821
11 200 8 -0.317012152931198 0.000553100226994729 0 0.000108485103603056 0.081781010581959 0.114510165720251 0.0811162607443759 0.070154711217846 39.8085916836627 158.064522642798 0 0.000938430774111404 0.288781075933414 0.314445199469164 0.633474168317115 0.800744933666566
12 200 8 -0.364436140197796 -0.00412646833100894 0 8.891776929649e-05 0.099126969057834 0.145689523429538 0.09552660194836 0.073221114830147 39.4915795307315 158.065075743025 0 0.00104691587771446 0.370562086515373 0.428955365189415 0.714590429061491 0.870899644884412
13 200 8 -0.383471486296905 -0.010883281550008 0 3.645408083539e-05 0.105658529322144 0.163759035695679 0.104088186375503 0.0707168891113009 39.1271433905337 158.060949274694 0 0.00113583364701095 0.469689055573207 0.574644888618953 0.810117031009851 0.944120759714559
14 200 8 -0.367449735773299 -0.0175498866999817 0 -3.466181899122e-05 0.099980844302836 0.160048076559718 0.103357661291496 0.0643465763066 38.7436719042368 158.050065993144 0 0.00117228772784634 0.575347584895351 0.738403924314632 0.914205217385354 1.01483764882586
15 200 8 -0.427258525030901 -0.0299141661660087 1.00647661214176e-07 -0.000142295943807648 0.114219771163356 0.18117770441562 0.12394963083313 0.0739576767127701 38.3762221684635 158.032516106444 0 0.00113762590885512 0.675328429198187 0.89845200087435 1.01756287867685 1.07918422513246
16 200 8 -0.410983466729398 -0.0388808160610097 1.39222065746675e-07 -0.000254349721384157 0.108838936287494 0.16367463629312 0.12182830215539 0.0727514225233601 37.9489636434326 158.002601940278 1.00647661214176e-07 0.000995329965047472 0.789548200361543 1.07962970528997 1.14151250950998 1.15314190184523
17 200 8 -0.4781714624717 -0.0579470218739857 1.98864879926832e-07 -0.000455839009627148 0.127432349972143 0.17570849811391 0.14324222535739 0.0882432445153098 37.5379801767032 157.963721124217 2.39869726960851e-07 0.000740980243663315 0.898387136649037 1.24330434158309 1.26334081166537 1.22589332436859
18 200 8 -0.5063166444478 -0.0760943802320071 2.51554957405313e-07 -0.000285141234036167 0.13826338833358 0.17128340782154 0.15172411393055 0.0979786369688 37.0598087142315 157.905774102343 4.38734606887683e-07 0.000285141234036167 1.02581948662118 1.419012839697 1.40658303702276 1.3141365688839
19 200 8 -0.484692371899399 -0.0864970120809971 2.76831927382189e-07 0 0.13737612391688 0.15423044087569 0.14394724114913 0.0974876592174001 36.5534920697837 157.829679722111 6.90289564292996e-07 0 1.16408287495476 1.59029624751854 1.55830715095331 1.4121152058527
20 200 8 -0.558748557559603 -0.115180674062003 3.57114787189295e-07 0 0.16576811116548 0.17244582345181 0.16300252801079 0.11523923908057 36.0687996978843 157.74318271003 9.67121491675185e-07 0 1.30145899887164 1.74452668839423 1.70225439210244 1.5096028650701
21 200 8 -0.582907222205101 -0.135983530045991 4.0729959764207e-07 0 0.18158735935139 0.18114797424016 0.16538803074613 0.12118175515991 35.5100511403247 157.628002035968 1.32423627886448e-06 0 1.46722711003712 1.91697251184604 1.86525692011323 1.62484210415067
22 200 8 -0.548456736069198 -0.140051698023996 4.0436555349273e-07 0 0.17762747466288 0.17756129654984 0.15041355071877 0.1128733938438 34.9271439181196 157.492018505922 1.73153587650655e-06 0 1.64881446938851 2.0981204860862 2.03064495085936 1.74602385931058
23 200 8 -0.622161408159599 -0.168127771374003 4.6434892444596e-07 0 0.20755858532778 0.21494040183643 0.16406190471111 0.12458230878662 34.3786871820504 157.351966807898 2.13590142999928e-06 0 1.82644194405139 2.27568178263604 2.18105850157813 1.85889725315438
24 200 8 -0.582399901172003 -0.159646359562004 4.1598308080546e-07 0 0.19885639756091 0.2169754300315 0.14721046589252 0.11149183061423 33.7565257738908 157.183839036524 2.60025035444524e-06 0 2.03400052937917 2.49062218447247 2.34512040628924 1.983479561941
25 200 8 -0.659372040561095 -0.173828705830999 4.1255933669174e-07 0 0.22876848011907 0.26454974064531 0.15959671260156 0.11847840874381 33.1741258727188 157.024192676962 3.0162334352507e-06 0 2.23285692694008 2.70759761450397 2.49233087218176 2.09497139255523
26 200 8 -0.679384092532402 -0.163860824851014 3.1138865567117e-07 0 0.23694397769713 0.29068773127368 0.15738140710782 0.11289183217968 32.5147538321577 156.850363971131 3.42879277194244e-06 0 2.46162540705915 2.97214735514928 2.65192758478332 2.21344980129904
27 200 8 -0.634683932375001 -0.136480034397977 1.3517077621926e-07 0 0.21874397551698 0.28407168074582 0.14133810692289 0.0977222409186402 31.8353697396253 156.68650314628 3.74018142761361e-06 0 2.69856938475628 3.26283508642296 2.80930899189114 2.32634163347872
28 200 8 -0.715245086151498 -0.135234829636005 -9.64727321654103e-08 0 0.23962314115105 0.33188391851474 0.15285825512544 0.10248784234092 31.2006858072503 156.550023111882 3.87535220383287e-06 0 2.91731336027326 3.54690676716878 2.95064709881403 2.42406387439736
29 200 8 -0.663451758783502 -0.110441739730021 -3.9758391412674e-07 0 0.21570288744048 0.31871464702626 0.13462430325185 0.0893231932528002 30.4854407210988 156.414788282246 3.77887947166746e-06 0 3.15693650142431 3.87879068568352 3.10350535393947 2.52655171673828
30 200 8 -0.740833476503298 -0.110728745486 -8.9311110123966e-07 0 0.23718151692936 0.36743373166917 0.13968620121075 0.0955591032366798 29.8219889623153 156.304346542516 3.38129555754072e-06 0 3.37263938886479 4.19750533270978 3.23812965719132 2.61587490999108
31 200 8 -0.748485667315801 -0.103970088404992 -1.50592298374535e-06 0 0.24227002925045 0.37999785385644 0.12682499158436 0.0951161118778803 29.081155485812 156.19361779703 2.48818445630106e-06 0 3.60982090579415 4.56493906437895 3.37781585840207 2.71143401322776
32 200 8 -0.6842389658093 -0.0933322456789938 -9.82261472555711e-07 0 0.23065442604691 0.35202261130288 0.10158390421074 0.08792668494858 28.3326698184962 156.089647708625 9.82261472555711e-07 0 3.8520909350446 4.94493691823539 3.50464084998643 2.80655012510564
33 200 8 -0.754304390325299 -0.106914776754991 0 0 0.27106313665913 0.39004812838967 0.09541623119769 0.0999278835833897 27.6484308526869 155.996315462946 0 0 4.08274536109151 5.29695952953827 3.60622475419717 2.89447681005422
34 200 8 -0.685433423102602 -0.105926954278999 0 0 0.264686218144161 0.3537178150478 0.0723174758979699 0.0949018626973803 26.8941264623616 155.889400686191 0 0 4.35380849775064 5.68700765792794 3.70164098539486 2.99440469363761
35 200 8 -0.752036098894798 -0.131181015928007 0 0.00116691839803544 0.309693764344909 0.385561441270361 0.0658341643924998 0.10981013197602 26.208693039259 155.783473731912 0 0 4.6184947158948 6.04072547297574 3.77395846129283 3.08930655633499
36 200 8 -0.748742220009202 -0.150812649122003 0 0.0190003674337658 0.32339069080166 0.38147399685066 0.05535578700204 0.11587465547474 25.4566569403642 155.652292715984 0 0.00116691839803544 4.92818848023971 6.4262869142461 3.83979262568533 3.19911668831101
37 200 8 -0.676985558306399 -0.156484715142 0 0.0232369617971314 0.30286728194424 0.34503731108534 0.0450781718494802 0.11003849376325 24.707914720355 155.501480066862 0 0.0201672858318012 5.25157917104137 6.80776091109676 3.89514841268737 3.31499134378575
38 200 8 -0.7395035327202 -0.194835884233015 0 0.0330069020690288 0.346375155175649 0.38060189408258 0.0474391184062601 0.12463468568843 24.0309291620486 155.34499535172 0 0.0434042476289326 5.55444645298561 7.1527982221821 3.94022658453685 3.425029837549
39 200 8 -0.732390472074002 -0.220791840116988 0 0.0415254536974376 0.36700115124294 0.38490933966074 0.0484156891056498 0.12614126887842 23.2914256293284 155.150159467487 0 0.0764111496979614 5.90082160816126 7.53340011626468 3.98766570294311 3.54966452323743
40 200 8 -0.6577695362726 -0.225693421323996 0 0.045463708228052 0.3544052073629 0.355230951096421 0.0476188264195301 0.11365422963367 22.5590351572544 154.92936762737 0 0.117936603395399 6.2678227594042 7.91830945592542 4.03608139204876 3.67580579211585
41 200 8 -0.712152492167998 -0.278132347034017 0 0.058328426798639 0.41028797484623 0.39759771744226 0.0593491451067996 0.12084621854871 21.9012656209818 154.703674206046 0 0.163400311623451 6.6222279667671 8.27354040702184 4.08370021846829 3.78946002174952
42 200 8 -0.634305598228 -0.280977340054989 0 0.05982073238946 0.385134466749791 0.36748019193382 0.0625154108773707 0.10311820024716 21.1891131288138 154.425541859012 0 0.22172873842209 7.03251594161333 8.6711381244641 4.14304936357509 3.91030624029823
43 200 8 -0.680359382441601 -0.339632447018005 0 0.071450194974433 0.425071307953529 0.407846210323539 0.0798993822390495 0.10362708342419 20.5548075305858 154.144564518957 0 0.28154947081155 7.41765040836312 9.03861831639792 4.20556477445246 4.01342444054539
44 200 8 -0.660413784650299 -0.371017460903005 0 0.074384832903891 0.408691369970651 0.405515410395539 0.0927826842037103 0.0928799351583907 19.8744481481442 153.804932071939 0 0.352999665785983 7.84272171631665 9.44646452672146 4.28546415669151 4.11705152396958
45 200 8 -0.582935799075003 -0.363199448786986 0 0.068278533945601 0.34347219177077 0.3609092556202 0.0954339979860297 0.0757468363741998 19.2140343634939 153.433914611036 0 0.427384498689874 8.2514130862873 9.851979937117 4.37824684089522 4.20993145912797
46 200 8 -0.623006594168899 -0.425112339311994 0 0.076106271627267 0.34032167110518 0.383968512205302 0.115015500386241 0.0748718170554694 18.6310985644189 153.070715162249 0 0.495663032635475 8.59488527805807 10.2128891927372 4.47368083888125 4.28567829550217
47 200 8 -0.551475441361699 -0.407148034201015 0 0.072241462223947 0.27560210953825 0.3340125861302 0.11078503495744 0.0615547207494105 18.00809197025 152.645602822937 0 0.571769304262742 8.93520694916325 10.5968577049425 4.58869633926749 4.36055011255764
48 200 8 -0.5929325543838 -0.470866650072992 0 0.0870988580627711 0.2679032999339 0.3477192769786 0.12550204848591 0.0621634940099796 17.4566165288883 152.238454788736 0 0.644010766486689 9.2108090587015 10.9308702910727 4.69948137422493 4.42210483330705
49 200 8 -0.5813617416804 -0.500521192751989 2.57628322077916e-06 0.101194379658459 0.23310986932718 0.328615310833799 0.12599368297145 0.0571078806704302 16.8636839745045 151.767588138663 0 0.73110962454946 9.4787123586354 11.2785895680513 4.82498342271084 4.48426832731703
50 200 8 -0.520095472509 -0.488533057121998 5.66447642803869e-05 0.111151295239603 0.18286523162578 0.287184386319401 0.112045427078789 0.0463884496387301 16.2823222328241 151.267066945911 2.57628322077916e-06 0.832304004207919 9.71182222796258 11.6072048788851 4.95097710568229 4.54137620798746
51 200 8 -0.563994225858099 -0.58465769911902 8.41700003730419e-05 0.154938501725168 0.16755246008854 0.3090664311349 0.117920872296311 0.0419810964321101 15.7622267603151 150.778533888789 5.92210475011661e-05 0.943455299447522 9.89468745958836 11.8943892652045 5.06302253276108 4.58776465762619
52 200 8 -0.5060960077962 -0.585492309942993 9.9044210777334e-05 0.18459242451452 0.119166950374 0.2776689768999 0.10088199328194 0.0265940102330804 15.198232534457 150.19387618967 0.000143391047874208 1.09839380117269 10.0622399196769 12.2034556963394 5.18094340505739 4.6297457540583
53 200 8 -0.5495998901579 -0.718195010026989 0.000136112391824497 0.26900426841991 0.0958961906514002 0.303070933968399 0.10241877554871 0.01170787058249 14.6921365266608 149.608383879727 0.000242435258651542 1.28298622568721 10.1814068700509 12.4811246732393 5.28182539833933 4.65633976429138
54 200 8 -0.541467329183 -0.813515399636003 0.000165919684163495 0.35564780948439 0.0650777603721 0.3019628177563 0.0915381512875806 -0.0126865170506303 14.1425366365029 148.8901888697 0.000378547650476039 1.55199049410712 10.2773030607023 12.7841956072077 5.38424417388804 4.66804763487387
55 200 8 -0.4841951240674 -0.838249146189014 0.000176370852902256 0.41237803056607 0.0403605094443993 0.2730269016925 0.0717950075038694 -0.0374215785573497 13.6010693073199 148.076673470064 0.000544467334639534 1.90763830359151 10.3423808210744 13.086158424964 5.47578232517562 4.65536111782324
56 200 8 -0.5224217875358 -1.04802047873198 0.000219369650325797 0.56857240263312 0.0320201549299011 0.295461800445501 0.0641123380536603 -0.0730330022090504 13.1168741832525 147.238424323875 0.00072083818754179 2.32001633415758 10.3827413305188 13.3591853266565 5.54757733267949 4.61793953926589
57 200 8 -0.464354969494401 -1.07951264596801 0.000217306730048873 0.63871571606967 0.0235226332608995 0.2627370650576 0.04295890441447 -0.0971889449652501 12.5944523957167 146.190403845143 0.000940207837867587 2.8885887367907 10.4147614854487 13.654647127102 5.61168967073315 4.54490653705684
58 200 8 -0.497531842762799 -1.333633553444 0.00024883777672374 0.85670596857053 0.0228167166575002 0.2840945977935 0.0291264613626696 -0.14191478692624 12.1300974262223 145.110891199175 0.00115751456791646 3.52730445286037 10.4382841187096 13.9173841921596 5.65464857514762 4.44771759209159
59 200 8 -0.481925001579501 -1.485655299456 0.00024336954247815 1.03654874255652 0.0188075673364008 0.279754601934201 0.00988299256530034 -0.17768956437067 11.6325655834595 143.777257645731 0.0014063523446402 4.3840104214309 10.4611008353671 14.2014787899531 5.68377503651029 4.30580280516535
60 200 8 -0.4232074836483 -1.47675799849 0.00019738532079675 1.10924286523786 0.013749720817799 0.2473084270974 -0.00721307838028995 -0.18980808644439 11.15064058188 142.291602346275 0.00164972188711835 5.42055916398742 10.4799084027035 14.4812333918873 5.69365802907559 4.12811324079468
61 200 8 -0.447749606038599 -1.75462364009599 0.00016266087502471 1.41007511429316 0.0108649351039993 0.2593769978906 -0.0240207939217099 -0.23591948515873 10.7274330982317 140.814844347785 0.0018471072079151 6.52980202922528 10.4936581235213 14.7285418189847 5.6864449506953 3.93830515435029
62 200 8 -0.427420471094571 -1.882484831548 6.75656291705602e-05 1.61094986824661 0.00482547566980074 0.2402791884218 -0.0380640275870299 -0.25976239280485 10.2796834921931 139.060220707689 0.00200976808293981 7.93987714351844 10.5045230586253 14.9879188168753 5.66242415677359 3.70238566919156
63 200 8 -0.36907819932433 -1.81601805809601 -6.187536971459e-05 1.63560040311845 -0.00390209317910006 0.195562343957599 -0.0439207837667501 -0.25180297919045 9.85226302109853 137.177735876141 0.00207733371211037 9.55082701176505 10.5093485342951 15.2281980052971 5.62436012918656 3.44262327638671
64 200 8 -0.382302181264659 -2.10641837746201 -0.00025757121784904 1.979545974761 -0.0167122644340996 0.1847047123269 -0.0560110275329899 -0.28733219643505 9.4831848217742 135.361717818045 0.00201545834239578 11.1864274148835 10.505446441116 15.4237603492547 5.58043934541981 3.19082029719626
65 200 8 -0.324232985251371 -2.01006755833299 -0.00046135413572427 1.9506380636035 -0.0272575640869004 0.1413311836197 -0.0566643480524807 -0.26431639967743 9.10088264050954 133.255299440583 0.00175788712454674 13.1659733896445 10.4887341766819 15.6084650615816 5.52442831788682 2.90348810076121
66 200 8 -0.329788681701661 -2.31334282313 -0.00082718800635576 2.2898505335411 -0.0424157964851002 0.1340186543681 -0.0680693761292295 -0.28756812982997 8.77664965525817 131.24523188225 0.00129653298882247 15.116611453248 10.461476612595 15.7497962452013 5.46776396983434 2.63917170108378
67 200 8 -0.301055662390569 -2.41840910099 -0.00046934498246671 2.4162441167388 -0.0552921120183996 0.121560313600101 -0.0741120404903803 -0.27792536656719 8.44686097355651 128.93188905912 0.00046934498246671 17.4064619867891 10.4190608161099 15.8838148995694 5.39969459370511 2.35160357125381
68 200 8 -0.24861873451863 -2.28633379198 0 2.2884612339209 -0.0633402832492997 0.1063494375212 -0.0728611674538699 -0.23946843415687 8.14580531116594 126.51347995813 0 19.8227061035279 10.3637687040915 16.0053752131695 5.32558255321473 2.07367820468662
69 200 8 -0.2462796766134 -2.608923011211 0 2.6056387020857 -0.087964590114801 0.120937370948901 -0.0863071660156098 -0.24482329753525 7.89718657664731 124.22714616615 0 22.1111673374488 10.3004284208422 16.1117246506907 5.25272138576086 1.83420977052975
70 200 8 -0.20012132209801 -2.45676345003301 0 2.4400283527458 -0.0990442324621998 0.123471675017697 -0.0836798899108597 -0.20338278944521 7.65090690003391 121.618223154939 0 24.7168060395345 10.2124638307274 16.2326620216396 5.16641421974525 1.5893864729945
71 200 8 -0.19563344816665 -2.79922331177299 0 2.7505465644629 -0.129348168842789 0.1644455073776 -0.0966759763024205 -0.20137781148547 7.4507855779359 119.161459704906 0 27.1568343922803 10.1134195982652 16.3561336966573 5.08273432983439 1.38600368354929
72 200 8 -0.172098143406011 -2.907486230233 0 2.8097090205649 -0.148421573642361 0.208135375346799 -0.0992424987351699 -0.17792774092372 7.25515212976925 116.362236393133 0 29.9073809567432 9.98407142942241 16.5205792040349 4.98605835353197 1.18462587206382
73 200 8 -0.13807867216196 -2.741189878252 0 2.6022109045198 -0.15091329926034 0.235677504945301 -0.0894653044888498 -0.14228114116564 7.08305398636324 113.4547501629 0 32.7170899773081 9.83564985578005 16.7287145793817 4.8868158547968 1.0066981311401
74 200 8 -0.134008916060339 -3.124755153769 0 2.9157293729299 -0.18367466139202 0.3155707250754 -0.0938206387593699 -0.13693859552619 6.94497531420128 110.713560284648 0 35.3193008818279 9.68473655651971 16.964392084327 4.79735055030795 0.86441698997446
75 200 8 -0.107588278525481 -2.942037493673 0 2.70173839731689 -0.18227316082513 0.339846164344102 -0.07798556491535 -0.10890296262534 6.81096639814094 107.588805130879 0 38.2350302547578 9.50106189512769 17.2799628094024 4.70352991154858 0.72747839444827
76 200 8 -0.104816521944089 -3.35445505260699 0 3.0309046268993 -0.219384796509619 0.434755443042597 -0.0746401398439502 -0.105230378548757 6.70337811961546 104.646767637206 0 40.9367686520747 9.31878873430256 17.6198089737465 4.62554434663323 0.61857543182293
77 200 8 -0.0926035014940805 -3.48810747018661 0 3.0953502620766 -0.243654275746131 0.500027835551101 -0.0602727993564898 -0.092344872012371 6.59856159767137 101.292312584599 0 43.967673278974 9.09940393779294 18.0545644167891 4.55090420678928 0.513345053274173
78 200 8 -0.0749808959406595 -3.2959066656197 0 2.8745902285475 -0.242238056253889 0.507555743523099 -0.0413060795536699 -0.074451785712856 6.50595809617729 97.8042051144124 0 47.0630235410506 8.85574966204681 18.5545922523402 4.49063140743279 0.421000181261802
79 200 8 -0.0734655065648004 -3.7701350786725 0 3.2417768997782 -0.280202407033231 0.6046424819659 -0.03140135892638 -0.072805002497834 6.43097720023663 94.5082984487927 0 49.9376137695981 8.61351160579292 19.0621479958633 4.44932532787912 0.346548395548946
80 200 8 -0.0646725366059995 -3.92108889426591 0 3.3435575964252 -0.27843902324129 0.634999916833202 -0.01952006112516 -0.064103947160655 6.35751169367183 90.7381633701202 0 53.1793906693763 8.33330919875969 19.6667904778292 4.41792396895274 0.273743393051112
81 200 8 -0.0514616316902003 -3.6937362989207 0 3.1449597660167 -0.234666925224199 0.5884425186062 -0.01119325497893 -0.051034597119636 6.29283915706583 86.8170744758543 0 56.5229482658015 8.0548701755184 20.3017903946624 4.39840390782758 0.209639445890457
82 200 8 -0.0490134576501005 -4.20332216408271 0 3.5927599834654 -0.21918008759819 0.646826241217699 -0.00909730310754053 -0.048511421783214 6.24137752537563 83.1233381769336 0 59.6679080318182 7.8202032502942 20.8902329132686 4.38721065284865 0.158604848770821
83 200 8 -0.0382470160131794 -3.94516196256929 0 3.3989610790934 -0.15108984739397 0.578217119568301 -0.0078652930787797 -0.0375828807423512 6.19236406772553 78.9200160128509 0 63.2606680152836 7.60102316269601 21.5370591544863 4.37811334974111 0.110093426987607
84 200 8 -0.0359696081624099 -4.47420634909871 0.0029859909836171 3.892960820845 -0.1065184040802 0.614372312720597 -0.00946270701065011 -0.0347377033990216 6.15411705171235 74.9748540502816 0 66.659629094377 7.44993331530204 22.1152762740546 4.37024805666233 0.0725105462452558
85 200 8 -0.0305958541870703 -4.61519365919659 0.0345440222459952 4.0550835522799 -0.0460777436272304 0.582268252768102 -0.00970201293061024 -0.0284789309301604 6.11814744354994 70.5006477011829 0.0029859909836171 70.552589915222 7.34341491122184 22.7296485867752 4.36078534965168 0.0377728428462342
86 200 8 -0.0241049186198703 -4.31508451610831 0.0421842423338581 3.82084022570351 0.000667638396979697 0.4953548481413 -0.00706403664863942 -0.00929391191607376 6.08755158936287 65.8854540419863 0.0375300132296123 74.6076734675019 7.29733716759461 23.3119168395433 4.35108333672107 0.00929391191607376
87 200 8 -0.0231962486258697 -4.8674525584665 0.0598473463390306 4.3418602952663 0.0265877530537901 0.501960042552298 -0.00257545689064997 0 6.063446670743 61.570369525878 0.0797142555634704 78.4285136932054 7.29800480599159 23.8072716876846 4.34401930007243 0
88 200 8 -0.0183978697245202 -4.5182909012666 0.067713440282005 4.0653850574861 0.0265837477030004 0.413837157265601 0.00495095209346985 0 6.04025042211713 56.7029169674115 0.139561601902501 82.7703739884717 7.32459255904538 24.3092317302369 4.34144384318178 0
89 200 8 -0.01763057596352 -5.05076912206 0.089749922512399 4.5899039738555 0.0126437839789801 0.4068547080768 0.0153271682008898 0 6.02185255239261 52.1846260661449 0.207275042184506 86.8357590459578 7.35117630674838 24.7230688875025 4.34639479527525 0
90 200 8 -0.0152874308132898 -5.1159039895499 0.105424281782719 4.6965447115012 -0.0160732702328907 0.356964199317801 0.0261318286679399 0 6.00422197642909 47.1338569440849 0.297024964696905 91.4256630198133 7.36382009072736 25.1299235955793 4.36172196347614 0
91 200 8 -0.0122047510437797 -4.6974565548833 0.107994806342575 4.3426104373785 -0.04202750193038 0.288773611025501 0.0322891589065897 0 5.9889345456158 42.017952954535 0.402449246479624 96.1222077313145 7.34774682049447 25.4868877948971 4.38785379214408 0
92 200 8 -0.01192864600538 -5.2130577101055 0.128985106124203 4.833421943369 -0.0723795517735493 0.291906018341599 0.0428485557610703 0 5.97672979457202 37.3204963996517 0.510444052822199 100.464818168693 7.30571931856409 25.7756614059226 4.42014295105067 0
93 200 8 -0.0097881988117603 -4.7746310678991 0.123603744514904 4.427059349782 -0.0842439869828402 0.2526955127042 0.0435244347008803 0 5.96480114856664 32.1074386895462 0.639429158946402 105.298240112062 7.23333976679054 26.0675674242642 4.46299150681174 0
94 200 8 -0.00992185410385016 -5.2781462432684 0.140981237052059 4.894203178884 -0.10560380067598 0.273720442725597 0.0504676311521202 0 5.95501294975488 27.3328076216471 0.763032903461306 109.725299461844 7.1490957798077 26.3202629369684 4.50651594151262 0
95 200 8 -0.00932668068552012 -5.2882011552529 0.145248247229055 4.9129579148 -0.11051900484925 0.278487837677602 0.0508101215464594 0 5.94509109565103 22.0546613783787 0.904014140513365 114.619502640728 7.04349197913172 26.593983379694 4.55698357266474 0
96 200 8 -0.00817210398153989 -4.8066379443747 0.13525911425243 4.47616671147 -0.100187620007341 0.2628712992977 0.0453470469097406 0 5.93576441496551 16.7664602231258 1.04926238774242 119.532460555528 6.93297297428247 26.8724712173716 4.6077936942112 0
97 200 8 -0.00882721667456021 -5.28553596248626 0.15159203899229 4.92593810511501 -0.108730815318119 0.300334417021201 0.0488516034698394 0 5.92759231098397 11.9598222787511 1.18452150199485 124.008627266998 6.83278535427513 27.1353425166693 4.65314074112094 0
98 200 8 -0.00877498296843005 -5.28598445871443 0.15299746025014 4.92405154302199 -0.10807463328714 0.305897351590797 0.0484188745116603 0 5.90999011134098 1.38830185755041 1.48911100123728 133.858616915135 6.61597990566987 27.7415742852813 4.75041121910244 0
